video_path,gt_label,chunk_id,start_sec,end_sec,pred_label,pred_label_raw,confidence,infer_ms,payload_kb,tx_ms,queue_ms,network_delay_ms,first_result_ms,end_to_end_ms,dropped,correct
C:\Users\zx\Desktop\scenario2_pose_lab\scenario2_pose_lab\tiny-Kinetics-400\abseiling\-3B32lodo2M_000059_000069.mp4,abseiling,0,0.0,3.36,rock climbing,rock climbing,0.3171376585960388,10.231799999019131,48.1962890625,96.392578125,0.0,50.0,156.62437812401913,156.62437812401913,0,0
C:\Users\zx\Desktop\scenario2_pose_lab\scenario2_pose_lab\tiny-Kinetics-400\abseiling\-3B32lodo2M_000059_000069.mp4,abseiling,1,0.32,3.68,rock climbing,rock climbing,0.3224693536758423,10.056999999505933,51.3525390625,102.705078125,0.0,50.0,156.62437812401913,162.76207812450593,0,0
C:\Users\zx\Desktop\scenario2_pose_lab\scenario2_pose_lab\tiny-Kinetics-400\abseiling\-3B32lodo2M_000059_000069.mp4,abseiling,2,0.64,4.0,feeding fish,feeding fish,0.08458675444126129,10.354400001233444,51.1650390625,102.330078125,0.0,50.0,156.62437812401913,162.68447812623344,0,0
C:\Users\zx\Desktop\scenario2_pose_lab\scenario2_pose_lab\tiny-Kinetics-400\abseiling\-3B32lodo2M_000059_000069.mp4,abseiling,3,0.96,4.32,rock climbing,rock climbing,0.2206287831068039,10.31150000198977,49.5693359375,99.138671875,0.0,50.0,156.62437812401913,159.45017187698977,0,0
C:\Users\zx\Desktop\scenario2_pose_lab\scenario2_pose_lab\tiny-Kinetics-400\abseiling\-3B32lodo2M_000059_000069.mp4,abseiling,4,1.28,4.64,playing paintball,playing paintball,0.2581310570240021,10.28740000037942,50.265625,100.53125,0.0,50.0,156.62437812401913,160.81865000037942,0,0
C:\Users\zx\Desktop\scenario2_pose_lab\scenario2_pose_lab\tiny-Kinetics-400\abseiling\-3B32lodo2M_000059_000069.mp4,abseiling,5,1.6,4.96,playing paintball,playing paintball,0.10003632307052612,10.35789999878034,56.2822265625,112.564453125,0.0,50.0,156.62437812401913,172.92235312378034,0,0
C:\Users\zx\Desktop\scenario2_pose_lab\scenario2_pose_lab\tiny-Kinetics-400\abseiling\-3B32lodo2M_000059_000069.mp4,abseiling,6,1.92,5.28,playing paintball,playing paintball,0.2279510498046875,10.352500001317821,54.845703125,109.69140625,0.0,50.0,156.62437812401913,170.04390625131782,0,0
C:\Users\zx\Desktop\scenario2_pose_lab\scenario2_pose_lab\tiny-Kinetics-400\abseiling\-3B32lodo2M_000059_000069.mp4,abseiling,7,2.24,5.6,playing paintball,playing paintball,0.4959656894207001,9.518999999272637,57.7548828125,115.509765625,0.0,50.0,156.62437812401913,175.02876562427264,0,0
C:\Users\zx\Desktop\scenario2_pose_lab\scenario2_pose_lab\tiny-Kinetics-400\abseiling\-3B32lodo2M_000059_000069.mp4,abseiling,8,2.56,5.92,playing paintball,playing paintball,0.6219255328178406,10.581399998045526,58.3271484375,116.654296875,0.0,50.0,156.62437812401913,177.23569687304553,0,0
C:\Users\zx\Desktop\scenario2_pose_lab\scenario2_pose_lab\tiny-Kinetics-400\abseiling\-3B32lodo2M_000059_000069.mp4,abseiling,9,2.88,6.24,playing paintball,playing paintball,0.586730420589447,10.62130000354955,57.21484375,114.4296875,0.0,50.0,156.62437812401913,175.05098750354955,0,0
C:\Users\zx\Desktop\scenario2_pose_lab\scenario2_pose_lab\tiny-Kinetics-400\abseiling\-3B32lodo2M_000059_000069.mp4,abseiling,10,3.2,6.56,playing paintball,playing paintball,0.6679941415786743,10.467699998116586,59.767578125,119.53515625,0.0,50.0,156.62437812401913,180.0028562481166,0,0
C:\Users\zx\Desktop\scenario2_pose_lab\scenario2_pose_lab\tiny-Kinetics-400\abseiling\-3B32lodo2M_000059_000069.mp4,abseiling,11,3.52,6.88,playing paintball,playing paintball,0.6810252666473389,10.535599998547696,62.4853515625,124.970703125,0.0,50.0,156.62437812401913,185.5063031235477,0,0
C:\Users\zx\Desktop\scenario2_pose_lab\scenario2_pose_lab\tiny-Kinetics-400\abseiling\-3B32lodo2M_000059_000069.mp4,abseiling,12,3.84,7.2,playing paintball,playing paintball,0.4840325713157654,10.45690000319155,64.896484375,129.79296875,0.0,50.0,156.62437812401913,190.24986875319155,0,0
C:\Users\zx\Desktop\scenario2_pose_lab\scenario2_pose_lab\tiny-Kinetics-400\abseiling\-3B32lodo2M_000059_000069.mp4,abseiling,13,4.16,7.52,playing paintball,playing paintball,0.29302355647087097,10.583899995253887,66.1513671875,132.302734375,0.0,50.0,156.62437812401913,192.8866343702539,0,0
C:\Users\zx\Desktop\scenario2_pose_lab\scenario2_pose_lab\tiny-Kinetics-400\abseiling\-3B32lodo2M_000059_000069.mp4,abseiling,14,4.48,7.84,playing paintball,playing paintball,0.24545422196388245,10.94089999969583,68.9853515625,137.970703125,0.0,50.0,156.62437812401913,198.91160312469583,0,0
C:\Users\zx\Desktop\scenario2_pose_lab\scenario2_pose_lab\tiny-Kinetics-400\abseiling\-3B32lodo2M_000059_000069.mp4,abseiling,15,4.8,8.16,playing paintball,playing paintball,0.16724543273448944,10.665300003893208,68.765625,137.53125,0.0,50.0,156.62437812401913,198.1965500038932,0,0
C:\Users\zx\Desktop\scenario2_pose_lab\scenario2_pose_lab\tiny-Kinetics-400\abseiling\-3B32lodo2M_000059_000069.mp4,abseiling,16,5.12,8.48,abseiling,abseiling,0.18310166895389557,10.649299998476636,69.6689453125,139.337890625,0.0,50.0,156.62437812401913,199.98719062347664,0,1
C:\Users\zx\Desktop\scenario2_pose_lab\scenario2_pose_lab\tiny-Kinetics-400\abseiling\-3B32lodo2M_000059_000069.mp4,abseiling,17,5.44,8.8,riding mountain bike,riding mountain bike,0.1539965569972992,11.092300002928823,67.2568359375,134.513671875,0.0,50.0,156.62437812401913,195.60597187792882,0,0
C:\Users\zx\Desktop\scenario2_pose_lab\scenario2_pose_lab\tiny-Kinetics-400\abseiling\-3B32lodo2M_000059_000069.mp4,abseiling,18,5.76,9.12,climbing tree,climbing tree,0.23068197071552277,10.732399998232722,65.751953125,131.50390625,0.0,50.0,156.62437812401913,192.23630624823272,0,0
C:\Users\zx\Desktop\scenario2_pose_lab\scenario2_pose_lab\tiny-Kinetics-400\abseiling\-3B32lodo2M_000059_000069.mp4,abseiling,19,6.08,9.44,,,0.0,,66.1015625,132.203125,0.0,50.0,,,1,0
C:\Users\zx\Desktop\scenario2_pose_lab\scenario2_pose_lab\tiny-Kinetics-400\abseiling\_4YTwq0-73Y_000044_000054.mp4,abseiling,0,0.0,2.8,abseiling,abseiling,0.9357011914253235,12.557499998365529,27.771484375,55.54296875,0.0,50.0,118.10046874836553,118.10046874836553,0,1
C:\Users\zx\Desktop\scenario2_pose_lab\scenario2_pose_lab\tiny-Kinetics-400\abseiling\_4YTwq0-73Y_000044_000054.mp4,abseiling,1,0.26666666666666666,3.066666666666667,abseiling,abseiling,0.945757269859314,11.753699996916112,27.9287109375,55.857421875,0.0,50.0,118.10046874836553,117.61112187191611,0,1
C:\Users\zx\Desktop\scenario2_pose_lab\scenario2_pose_lab\tiny-Kinetics-400\abseiling\_4YTwq0-73Y_000044_000054.mp4,abseiling,2,0.5333333333333333,3.3333333333333335,abseiling,abseiling,0.8311402797698975,11.212100005650427,27.7900390625,55.580078125,0.0,50.0,118.10046874836553,116.79217813065043,0,1
C:\Users\zx\Desktop\scenario2_pose_lab\scenario2_pose_lab\tiny-Kinetics-400\abseiling\_4YTwq0-73Y_000044_000054.mp4,abseiling,3,0.8,3.6,trapezing,trapezing,0.4070204794406891,12.495000002672896,28.162109375,56.32421875,0.0,50.0,118.10046874836553,118.8192187526729,0,0
C:\Users\zx\Desktop\scenario2_pose_lab\scenario2_pose_lab\tiny-Kinetics-400\abseiling\_4YTwq0-73Y_000044_000054.mp4,abseiling,4,1.0666666666666667,3.8666666666666667,abseiling,abseiling,0.6542232036590576,10.617200001433957,28.3271484375,56.654296875,0.0,50.0,118.10046874836553,117.27149687643396,0,1
C:\Users\zx\Desktop\scenario2_pose_lab\scenario2_pose_lab\tiny-Kinetics-400\abseiling\_4YTwq0-73Y_000044_000054.mp4,abseiling,5,1.3333333333333333,4.133333333333334,abseiling,abseiling,0.5594504475593567,10.766600003989879,28.333984375,56.66796875,0.0,50.0,118.10046874836553,117.43456875398988,0,1
C:\Users\zx\Desktop\scenario2_pose_lab\scenario2_pose_lab\tiny-Kinetics-400\abseiling\_4YTwq0-73Y_000044_000054.mp4,abseiling,6,1.6,4.4,abseiling,abseiling,0.4375002086162567,10.09130000602454,28.744140625,57.48828125,0.0,50.0,118.10046874836553,117.57958125602454,0,1
C:\Users\zx\Desktop\scenario2_pose_lab\scenario2_pose_lab\tiny-Kinetics-400\abseiling\_4YTwq0-73Y_000044_000054.mp4,abseiling,7,1.8666666666666667,4.666666666666667,abseiling,abseiling,0.6742669939994812,10.38680000056047,28.86328125,57.7265625,0.0,50.0,118.10046874836553,118.11336250056047,0,1
C:\Users\zx\Desktop\scenario2_pose_lab\scenario2_pose_lab\tiny-Kinetics-400\abseiling\_4YTwq0-73Y_000044_000054.mp4,abseiling,8,2.1333333333333333,4.933333333333334,abseiling,abseiling,0.5171407461166382,11.035199997422751,29.0029296875,58.005859375,0.0,50.0,118.10046874836553,119.04105937242275,0,1
C:\Users\zx\Desktop\scenario2_pose_lab\scenario2_pose_lab\tiny-Kinetics-400\abseiling\_4YTwq0-73Y_000044_000054.mp4,abseiling,9,2.4,5.2,abseiling,abseiling,0.7668731212615967,11.69089999893913,29.3662109375,58.732421875,0.0,50.0,118.10046874836553,120.42332187393913,0,1
C:\Users\zx\Desktop\scenario2_pose_lab\scenario2_pose_lab\tiny-Kinetics-400\abseiling\_4YTwq0-73Y_000044_000054.mp4,abseiling,10,2.6666666666666665,5.466666666666667,abseiling,abseiling,0.8222684860229492,10.995999997248873,29.5107421875,59.021484375,0.0,50.0,118.10046874836553,120.01748437224887,0,1
C:\Users\zx\Desktop\scenario2_pose_lab\scenario2_pose_lab\tiny-Kinetics-400\abseiling\_4YTwq0-73Y_000044_000054.mp4,abseiling,11,2.933333333333333,5.733333333333333,abseiling,abseiling,0.6895062327384949,12.592699997185264,29.625,59.25,0.0,50.0,118.10046874836553,121.84269999718526,0,1
C:\Users\zx\Desktop\scenario2_pose_lab\scenario2_pose_lab\tiny-Kinetics-400\abseiling\_4YTwq0-73Y_000044_000054.mp4,abseiling,12,3.2,6.0,abseiling,abseiling,0.9685224294662476,10.788100000354461,29.7763671875,59.552734375,0.0,50.0,118.10046874836553,120.34083437535446,0,1
C:\Users\zx\Desktop\scenario2_pose_lab\scenario2_pose_lab\tiny-Kinetics-400\abseiling\_4YTwq0-73Y_000044_000054.mp4,abseiling,13,3.466666666666667,6.266666666666667,abseiling,abseiling,0.9237410426139832,10.752800000773277,29.5908203125,59.181640625,0.0,50.0,118.10046874836553,119.93444062577328,0,1
C:\Users\zx\Desktop\scenario2_pose_lab\scenario2_pose_lab\tiny-Kinetics-400\abseiling\_4YTwq0-73Y_000044_000054.mp4,abseiling,14,3.7333333333333334,6.533333333333333,abseiling,abseiling,0.8442435264587402,10.61469999694964,29.587890625,59.17578125,0.0,50.0,118.10046874836553,119.79048124694964,0,1
C:\Users\zx\Desktop\scenario2_pose_lab\scenario2_pose_lab\tiny-Kinetics-400\abseiling\_4YTwq0-73Y_000044_000054.mp4,abseiling,15,4.0,6.8,abseiling,abseiling,0.9896056652069092,10.959699997329153,29.275390625,58.55078125,0.0,50.0,118.10046874836553,119.51048124732915,0,1
C:\Users\zx\Desktop\scenario2_pose_lab\scenario2_pose_lab\tiny-Kinetics-400\abseiling\_4YTwq0-73Y_000044_000054.mp4,abseiling,16,4.266666666666667,7.066666666666666,abseiling,abseiling,0.9657842516899109,10.775499998999294,29.02734375,58.0546875,0.0,50.0,118.10046874836553,118.8301874989993,0,1
C:\Users\zx\Desktop\scenario2_pose_lab\scenario2_pose_lab\tiny-Kinetics-400\abseiling\_4YTwq0-73Y_000044_000054.mp4,abseiling,17,4.533333333333333,7.333333333333333,abseiling,abseiling,0.9620799422264099,10.734799994679634,28.5478515625,57.095703125,0.0,50.0,118.10046874836553,117.83050311967963,0,1
C:\Users\zx\Desktop\scenario2_pose_lab\scenario2_pose_lab\tiny-Kinetics-400\abseiling\_4YTwq0-73Y_000044_000054.mp4,abseiling,18,4.8,7.6,abseiling,abseiling,0.9667288661003113,10.704000000259839,28.138671875,56.27734375,0.0,50.0,118.10046874836553,116.98134375025984,0,1
C:\Users\zx\Desktop\scenario2_pose_lab\scenario2_pose_lab\tiny-Kinetics-400\abseiling\_4YTwq0-73Y_000044_000054.mp4,abseiling,19,5.066666666666666,7.866666666666666,abseiling,abseiling,0.9283329844474792,10.062500005005859,28.146484375,56.29296875,0.0,50.0,118.10046874836553,116.35546875500586,0,1
C:\Users\zx\Desktop\scenario2_pose_lab\scenario2_pose_lab\tiny-Kinetics-400\abseiling\_4YTwq0-73Y_000044_000054.mp4,abseiling,20,5.333333333333333,8.133333333333333,abseiling,abseiling,0.9272331595420837,10.543299998971634,27.9423828125,55.884765625,0.0,50.0,118.10046874836553,116.42806562397163,0,1
C:\Users\zx\Desktop\scenario2_pose_lab\scenario2_pose_lab\tiny-Kinetics-400\abseiling\_4YTwq0-73Y_000044_000054.mp4,abseiling,21,5.6,8.4,abseiling,abseiling,0.9609201550483704,10.535899993556086,28.521484375,57.04296875,0.0,50.0,118.10046874836553,117.57886874355609,0,1
C:\Users\zx\Desktop\scenario2_pose_lab\scenario2_pose_lab\tiny-Kinetics-400\abseiling\_4YTwq0-73Y_000044_000054.mp4,abseiling,22,5.866666666666666,8.666666666666666,abseiling,abseiling,0.9264607429504395,10.756399999081623,30.41015625,60.8203125,0.0,50.0,118.10046874836553,121.57671249908162,0,1
C:\Users\zx\Desktop\scenario2_pose_lab\scenario2_pose_lab\tiny-Kinetics-400\abseiling\_4YTwq0-73Y_000044_000054.mp4,abseiling,23,6.133333333333334,8.933333333333334,abseiling,abseiling,0.9566675424575806,10.624100003042258,30.748046875,61.49609375,0.0,50.0,118.10046874836553,122.12019375304226,0,1
C:\Users\zx\Desktop\scenario2_pose_lab\scenario2_pose_lab\tiny-Kinetics-400\abseiling\_4YTwq0-73Y_000044_000054.mp4,abseiling,24,6.4,9.2,abseiling,abseiling,0.9334888458251953,11.910100001841784,31.91796875,63.83593749999999,0.0,50.0,118.10046874836553,125.74603750184178,0,1
C:\Users\zx\Desktop\scenario2_pose_lab\scenario2_pose_lab\tiny-Kinetics-400\abseiling\_4YTwq0-73Y_000044_000054.mp4,abseiling,25,6.666666666666667,9.466666666666667,abseiling,abseiling,0.9598613977432251,11.068799998611212,33.8603515625,67.720703125,0.0,50.0,118.10046874836553,128.7895031236112,0,1
C:\Users\zx\Desktop\scenario2_pose_lab\scenario2_pose_lab\tiny-Kinetics-400\abseiling\_EDt9CNqqxk_000260_000270.mp4,abseiling,0,0.0,3.36,abseiling,abseiling,0.9111328721046448,10.588200006168336,96.4609375,192.921875,0.0,50.0,253.51007500616834,253.51007500616834,0,1
C:\Users\zx\Desktop\scenario2_pose_lab\scenario2_pose_lab\tiny-Kinetics-400\abseiling\_EDt9CNqqxk_000260_000270.mp4,abseiling,1,0.32,3.68,abseiling,abseiling,0.9458966851234436,9.498300001723692,96.3046875,192.609375,0.0,50.0,253.51007500616834,252.1076750017237,0,1
C:\Users\zx\Desktop\scenario2_pose_lab\scenario2_pose_lab\tiny-Kinetics-400\abseiling\_EDt9CNqqxk_000260_000270.mp4,abseiling,2,0.64,4.0,abseiling,abseiling,0.9482613205909729,10.187200001382735,96.240234375,192.48046875,0.0,50.0,253.51007500616834,252.66766875138273,0,1
C:\Users\zx\Desktop\scenario2_pose_lab\scenario2_pose_lab\tiny-Kinetics-400\abseiling\_EDt9CNqqxk_000260_000270.mp4,abseiling,3,0.96,4.32,abseiling,abseiling,0.9638597369194031,11.425500000768807,95.521484375,191.04296875,0.0,50.0,253.51007500616834,252.4684687507688,0,1
C:\Users\zx\Desktop\scenario2_pose_lab\scenario2_pose_lab\tiny-Kinetics-400\abseiling\_EDt9CNqqxk_000260_000270.mp4,abseiling,4,1.28,4.64,abseiling,abseiling,0.9710052013397217,9.379099996294826,95.5234375,191.046875,0.0,50.0,253.51007500616834,250.42597499629483,0,1
C:\Users\zx\Desktop\scenario2_pose_lab\scenario2_pose_lab\tiny-Kinetics-400\abseiling\_EDt9CNqqxk_000260_000270.mp4,abseiling,5,1.6,4.96,abseiling,abseiling,0.971251368522644,10.150499998417217,94.9892578125,189.978515625,0.0,50.0,253.51007500616834,250.12901562341722,0,1
C:\Users\zx\Desktop\scenario2_pose_lab\scenario2_pose_lab\tiny-Kinetics-400\abseiling\_EDt9CNqqxk_000260_000270.mp4,abseiling,6,1.92,5.28,abseiling,abseiling,0.986430287361145,10.81759999942733,94.525390625,189.05078125,0.0,50.0,253.51007500616834,249.86838124942733,0,1
C:\Users\zx\Desktop\scenario2_pose_lab\scenario2_pose_lab\tiny-Kinetics-400\abseiling\_EDt9CNqqxk_000260_000270.mp4,abseiling,7,2.24,5.6,abseiling,abseiling,0.9893879890441895,10.766399995191023,93.9453125,187.890625,0.0,50.0,253.51007500616834,248.65702499519102,0,1
C:\Users\zx\Desktop\scenario2_pose_lab\scenario2_pose_lab\tiny-Kinetics-400\abseiling\_EDt9CNqqxk_000260_000270.mp4,abseiling,8,2.56,5.92,abseiling,abseiling,0.994629979133606,10.629199998220429,93.8662109375,187.732421875,0.0,50.0,253.51007500616834,248.36162187322043,0,1
C:\Users\zx\Desktop\scenario2_pose_lab\scenario2_pose_lab\tiny-Kinetics-400\abseiling\_EDt9CNqqxk_000260_000270.mp4,abseiling,9,2.88,6.24,abseiling,abseiling,0.9934307932853699,10.451599999214523,93.6455078125,187.291015625,0.0,50.0,253.51007500616834,247.74261562421452,0,1
C:\Users\zx\Desktop\scenario2_pose_lab\scenario2_pose_lab\tiny-Kinetics-400\abseiling\_EDt9CNqqxk_000260_000270.mp4,abseiling,10,3.2,6.56,abseiling,abseiling,0.9954878687858582,10.5150000017602,93.1630859375,186.326171875,0.0,50.0,253.51007500616834,246.8411718767602,0,1
C:\Users\zx\Desktop\scenario2_pose_lab\scenario2_pose_lab\tiny-Kinetics-400\abseiling\_EDt9CNqqxk_000260_000270.mp4,abseiling,11,3.52,6.88,abseiling,abseiling,0.9943090677261353,10.342399997171015,93.515625,187.03125,0.0,50.0,253.51007500616834,247.37364999717101,0,1
C:\Users\zx\Desktop\scenario2_pose_lab\scenario2_pose_lab\tiny-Kinetics-400\abseiling\_EDt9CNqqxk_000260_000270.mp4,abseiling,12,3.84,7.2,abseiling,abseiling,0.989052951335907,9.152800004812889,93.6162109375,187.232421875,0.0,50.0,253.51007500616834,246.3852218798129,0,1
C:\Users\zx\Desktop\scenario2_pose_lab\scenario2_pose_lab\tiny-Kinetics-400\abseiling\_EDt9CNqqxk_000260_000270.mp4,abseiling,13,4.16,7.52,abseiling,abseiling,0.9918991327285767,10.36279999971157,93.8427734375,187.685546875,0.0,50.0,253.51007500616834,248.04834687471157,0,1
C:\Users\zx\Desktop\scenario2_pose_lab\scenario2_pose_lab\tiny-Kinetics-400\abseiling\_EDt9CNqqxk_000260_000270.mp4,abseiling,14,4.48,7.84,abseiling,abseiling,0.9897856712341309,10.320200002752244,93.8037109375,187.607421875,0.0,50.0,253.51007500616834,247.92762187775224,0,1
C:\Users\zx\Desktop\scenario2_pose_lab\scenario2_pose_lab\tiny-Kinetics-400\abseiling\_EDt9CNqqxk_000260_000270.mp4,abseiling,15,4.8,8.16,abseiling,abseiling,0.9671996831893921,10.477999996510334,93.98046875,187.9609375,0.0,50.0,253.51007500616834,248.43893749651033,0,1
C:\Users\zx\Desktop\scenario2_pose_lab\scenario2_pose_lab\tiny-Kinetics-400\abseiling\_EDt9CNqqxk_000260_000270.mp4,abseiling,16,5.12,8.48,abseiling,abseiling,0.9782972931861877,10.328199998184573,93.4462890625,186.892578125,0.0,50.0,253.51007500616834,247.22077812318457,0,1
C:\Users\zx\Desktop\scenario2_pose_lab\scenario2_pose_lab\tiny-Kinetics-400\abseiling\_EDt9CNqqxk_000260_000270.mp4,abseiling,17,5.44,8.8,abseiling,abseiling,0.9795001745223999,9.828499998548068,91.7431640625,183.486328125,0.0,50.0,253.51007500616834,243.31482812354807,0,1
C:\Users\zx\Desktop\scenario2_pose_lab\scenario2_pose_lab\tiny-Kinetics-400\abseiling\_EDt9CNqqxk_000260_000270.mp4,abseiling,18,5.76,9.12,abseiling,abseiling,0.9501312375068665,8.94519999565091,91.673828125,183.34765625,0.0,50.0,253.51007500616834,242.2928562456509,0,1
C:\Users\zx\Desktop\scenario2_pose_lab\scenario2_pose_lab\tiny-Kinetics-400\abseiling\_EDt9CNqqxk_000260_000270.mp4,abseiling,19,6.08,9.44,abseiling,abseiling,0.9840906262397766,11.240200001338962,89.83203125,179.6640625,0.0,50.0,253.51007500616834,240.90426250133896,0,1
C:\Users\zx\Desktop\scenario2_pose_lab\scenario2_pose_lab\tiny-Kinetics-400\air_drumming\_9SlRyQ2Aio_000192_000202.mp4,air drumming,0,0.0,3.36,air drumming,air drumming,0.9979138970375061,11.65430000401102,63.5,127.0,0.0,50.0,188.65430000401102,188.65430000401102,0,1
C:\Users\zx\Desktop\scenario2_pose_lab\scenario2_pose_lab\tiny-Kinetics-400\air_drumming\_9SlRyQ2Aio_000192_000202.mp4,air drumming,1,0.32,3.68,air drumming,air drumming,0.999909520149231,10.675199999241158,63.873046875,127.74609375000001,0.0,50.0,188.65430000401102,188.42129374924116,0,1
C:\Users\zx\Desktop\scenario2_pose_lab\scenario2_pose_lab\tiny-Kinetics-400\air_drumming\_9SlRyQ2Aio_000192_000202.mp4,air drumming,2,0.64,4.0,air drumming,air drumming,0.9900160431861877,10.683500004233792,64.4501953125,128.900390625,0.0,50.0,188.65430000401102,189.5838906292338,0,1
C:\Users\zx\Desktop\scenario2_pose_lab\scenario2_pose_lab\tiny-Kinetics-400\air_drumming\_9SlRyQ2Aio_000192_000202.mp4,air drumming,3,0.96,4.32,air drumming,air drumming,0.993602454662323,10.612499994749669,64.259765625,128.51953125,0.0,50.0,188.65430000401102,189.13203124474967,0,1
C:\Users\zx\Desktop\scenario2_pose_lab\scenario2_pose_lab\tiny-Kinetics-400\air_drumming\_9SlRyQ2Aio_000192_000202.mp4,air drumming,4,1.28,4.64,air drumming,air drumming,0.9984003901481628,10.707100002036896,64.5517578125,129.103515625,0.0,50.0,188.65430000401102,189.8106156270369,0,1
C:\Users\zx\Desktop\scenario2_pose_lab\scenario2_pose_lab\tiny-Kinetics-400\air_drumming\_9SlRyQ2Aio_000192_000202.mp4,air drumming,5,1.6,4.96,air drumming,air drumming,0.9794604778289795,10.938600004010368,64.712890625,129.42578125,0.0,50.0,188.65430000401102,190.36438125401037,0,1
C:\Users\zx\Desktop\scenario2_pose_lab\scenario2_pose_lab\tiny-Kinetics-400\air_drumming\_9SlRyQ2Aio_000192_000202.mp4,air drumming,6,1.92,5.28,air drumming,air drumming,0.9776403903961182,10.58049999846844,64.3095703125,128.619140625,0.0,50.0,188.65430000401102,189.19964062346844,0,1
C:\Users\zx\Desktop\scenario2_pose_lab\scenario2_pose_lab\tiny-Kinetics-400\air_drumming\_9SlRyQ2Aio_000192_000202.mp4,air drumming,7,2.24,5.6,air drumming,air drumming,0.9409785270690918,11.093799999798648,64.2744140625,128.548828125,0.0,50.0,188.65430000401102,189.64262812479865,0,1
C:\Users\zx\Desktop\scenario2_pose_lab\scenario2_pose_lab\tiny-Kinetics-400\air_drumming\_9SlRyQ2Aio_000192_000202.mp4,air drumming,8,2.56,5.92,air drumming,air drumming,0.9237169623374939,10.892900005273987,63.42578125,126.85156249999999,0.0,50.0,188.65430000401102,187.744462505274,0,1
C:\Users\zx\Desktop\scenario2_pose_lab\scenario2_pose_lab\tiny-Kinetics-400\air_drumming\_9SlRyQ2Aio_000192_000202.mp4,air drumming,9,2.88,6.24,air drumming,air drumming,0.6226736307144165,10.730800000601448,63.427734375,126.85546875,0.0,50.0,188.65430000401102,187.58626875060145,0,1
C:\Users\zx\Desktop\scenario2_pose_lab\scenario2_pose_lab\tiny-Kinetics-400\air_drumming\_9SlRyQ2Aio_000192_000202.mp4,air drumming,10,3.2,6.56,air drumming,air drumming,0.8040156364440918,11.586699998588301,63.40234375,126.80468750000001,0.0,50.0,188.65430000401102,188.3913874985883,0,1
C:\Users\zx\Desktop\scenario2_pose_lab\scenario2_pose_lab\tiny-Kinetics-400\air_drumming\_9SlRyQ2Aio_000192_000202.mp4,air drumming,11,3.52,6.88,robot dancing,robot dancing,0.533427357673645,11.519899999257177,62.9306640625,125.861328125,0.0,50.0,188.65430000401102,187.38122812425718,0,0
C:\Users\zx\Desktop\scenario2_pose_lab\scenario2_pose_lab\tiny-Kinetics-400\air_drumming\_9SlRyQ2Aio_000192_000202.mp4,air drumming,12,3.84,7.2,robot dancing,robot dancing,0.7333876490592957,11.792299999797251,63.580078125,127.16015624999999,0.0,50.0,188.65430000401102,188.95245624979725,0,0
C:\Users\zx\Desktop\scenario2_pose_lab\scenario2_pose_lab\tiny-Kinetics-400\air_drumming\_9SlRyQ2Aio_000192_000202.mp4,air drumming,13,4.16,7.52,robot dancing,robot dancing,0.4402083158493042,11.369800005923025,63.8916015625,127.783203125,0.0,50.0,188.65430000401102,189.15300313092303,0,0
C:\Users\zx\Desktop\scenario2_pose_lab\scenario2_pose_lab\tiny-Kinetics-400\air_drumming\_9SlRyQ2Aio_000192_000202.mp4,air drumming,14,4.48,7.84,robot dancing,robot dancing,0.8666144013404846,10.990399998263456,63.890625,127.78125000000001,0.0,50.0,188.65430000401102,188.77164999826346,0,0
C:\Users\zx\Desktop\scenario2_pose_lab\scenario2_pose_lab\tiny-Kinetics-400\air_drumming\_9SlRyQ2Aio_000192_000202.mp4,air drumming,15,4.8,8.16,robot dancing,robot dancing,0.7205420732498169,11.305599997285753,64.48828125,128.9765625,0.0,50.0,188.65430000401102,190.28216249728575,0,0
C:\Users\zx\Desktop\scenario2_pose_lab\scenario2_pose_lab\tiny-Kinetics-400\air_drumming\_9SlRyQ2Aio_000192_000202.mp4,air drumming,16,5.12,8.48,robot dancing,robot dancing,0.6304343938827515,11.126600002171472,64.671875,129.34375,0.0,50.0,188.65430000401102,190.47035000217147,0,0
C:\Users\zx\Desktop\scenario2_pose_lab\scenario2_pose_lab\tiny-Kinetics-400\air_drumming\_9SlRyQ2Aio_000192_000202.mp4,air drumming,17,5.44,8.8,robot dancing,robot dancing,0.7823415398597717,12.062999994668644,64.8837890625,129.767578125,0.0,50.0,188.65430000401102,191.83057811966864,0,0
C:\Users\zx\Desktop\scenario2_pose_lab\scenario2_pose_lab\tiny-Kinetics-400\air_drumming\_9SlRyQ2Aio_000192_000202.mp4,air drumming,18,5.76,9.12,robot dancing,robot dancing,0.5808112025260925,11.233800003537908,65.482421875,130.96484375,0.0,50.0,188.65430000401102,192.1986437535379,0,0
C:\Users\zx\Desktop\scenario2_pose_lab\scenario2_pose_lab\tiny-Kinetics-400\air_drumming\_9SlRyQ2Aio_000192_000202.mp4,air drumming,19,6.08,9.44,robot dancing,robot dancing,0.45877835154533386,10.43999999819789,66.177734375,132.35546875,0.0,50.0,188.65430000401102,192.7954687481979,0,0
C:\Users\zx\Desktop\scenario2_pose_lab\scenario2_pose_lab\tiny-Kinetics-400\air_drumming\_axE99QAhe8_000026_000036.mp4,air drumming,0,0.0,2.8028,air drumming,air drumming,0.6793433427810669,11.89689999591792,61.775390625,123.55078125,0.0,50.0,185.44768124591792,185.44768124591792,0,1
C:\Users\zx\Desktop\scenario2_pose_lab\scenario2_pose_lab\tiny-Kinetics-400\air_drumming\_axE99QAhe8_000026_000036.mp4,air drumming,1,0.26693333333333336,3.069733333333333,air drumming,air drumming,0.7255958318710327,10.168099994189106,61.67578125,123.3515625,0.0,50.0,185.44768124591792,183.5196624941891,0,1
C:\Users\zx\Desktop\scenario2_pose_lab\scenario2_pose_lab\tiny-Kinetics-400\air_drumming\_axE99QAhe8_000026_000036.mp4,air drumming,2,0.5338666666666667,3.336666666666667,air drumming,air drumming,0.5942500233650208,9.772799996426329,61.17578125,122.3515625,0.0,50.0,185.44768124591792,182.12436249642633,0,1
C:\Users\zx\Desktop\scenario2_pose_lab\scenario2_pose_lab\tiny-Kinetics-400\air_drumming\_axE99QAhe8_000026_000036.mp4,air drumming,3,0.8008000000000001,3.6036,air drumming,air drumming,0.8382443785667419,10.835399996722117,62.0478515625,124.095703125,0.0,50.0,185.44768124591792,184.93110312172212,0,1
C:\Users\zx\Desktop\scenario2_pose_lab\scenario2_pose_lab\tiny-Kinetics-400\air_drumming\_axE99QAhe8_000026_000036.mp4,air drumming,4,1.0677333333333334,3.8705333333333334,air drumming,air drumming,0.7284029126167297,10.248300000966992,62.5302734375,125.06054687500001,0.0,50.0,185.44768124591792,185.308846875967,0,1
C:\Users\zx\Desktop\scenario2_pose_lab\scenario2_pose_lab\tiny-Kinetics-400\air_drumming\_axE99QAhe8_000026_000036.mp4,air drumming,5,1.3346666666666667,4.137466666666667,air drumming,air drumming,0.7451639771461487,10.734800001955591,61.6806640625,123.361328125,0.0,50.0,185.44768124591792,184.0961281269556,0,1
C:\Users\zx\Desktop\scenario2_pose_lab\scenario2_pose_lab\tiny-Kinetics-400\air_drumming\_axE99QAhe8_000026_000036.mp4,air drumming,6,1.6016000000000001,4.4044,air drumming,air drumming,0.9034745097160339,10.731800000939984,62.0634765625,124.126953125,0.0,50.0,185.44768124591792,184.85875312593998,0,1
C:\Users\zx\Desktop\scenario2_pose_lab\scenario2_pose_lab\tiny-Kinetics-400\air_drumming\_axE99QAhe8_000026_000036.mp4,air drumming,7,1.8685333333333334,4.671333333333333,playing organ,playing organ,0.5135757923126221,10.38410000182921,62.2607421875,124.521484375,0.0,50.0,185.44768124591792,184.9055843768292,0,0
C:\Users\zx\Desktop\scenario2_pose_lab\scenario2_pose_lab\tiny-Kinetics-400\air_drumming\_axE99QAhe8_000026_000036.mp4,air drumming,8,2.135466666666667,4.938266666666666,air drumming,air drumming,0.9022175669670105,10.671600000932813,61.47265625,122.9453125,0.0,50.0,185.44768124591792,183.6169125009328,0,1
C:\Users\zx\Desktop\scenario2_pose_lab\scenario2_pose_lab\tiny-Kinetics-400\air_drumming\_axE99QAhe8_000026_000036.mp4,air drumming,9,2.4024,5.2052000000000005,air drumming,air drumming,0.8250869512557983,10.733299997809809,60.80859375,121.6171875,0.0,50.0,185.44768124591792,182.3504874978098,0,1
C:\Users\zx\Desktop\scenario2_pose_lab\scenario2_pose_lab\tiny-Kinetics-400\air_drumming\_axE99QAhe8_000026_000036.mp4,air drumming,10,2.6693333333333333,5.472133333333334,playing organ,playing organ,0.8194512724876404,8.998800003610086,60.541015625,121.08203125,0.0,50.0,185.44768124591792,180.08083125361009,0,0
C:\Users\zx\Desktop\scenario2_pose_lab\scenario2_pose_lab\tiny-Kinetics-400\air_drumming\_axE99QAhe8_000026_000036.mp4,air drumming,11,2.9362666666666666,5.739066666666667,air drumming,air drumming,0.4040364623069763,9.400499999173917,59.5361328125,119.072265625,0.0,50.0,185.44768124591792,178.47276562417392,0,1
C:\Users\zx\Desktop\scenario2_pose_lab\scenario2_pose_lab\tiny-Kinetics-400\air_drumming\_axE99QAhe8_000026_000036.mp4,air drumming,12,3.2032000000000003,6.006,playing organ,playing organ,0.8658636212348938,10.235800000373274,58.3916015625,116.783203125,0.0,50.0,185.44768124591792,177.01900312537327,0,0
C:\Users\zx\Desktop\scenario2_pose_lab\scenario2_pose_lab\tiny-Kinetics-400\air_drumming\_axE99QAhe8_000026_000036.mp4,air drumming,13,3.4701333333333335,6.2729333333333335,playing organ,playing organ,0.7727499008178711,10.216900001978502,58.2373046875,116.474609375,0.0,50.0,185.44768124591792,176.6915093769785,0,0
C:\Users\zx\Desktop\scenario2_pose_lab\scenario2_pose_lab\tiny-Kinetics-400\air_drumming\_axE99QAhe8_000026_000036.mp4,air drumming,14,3.7370666666666668,6.539866666666667,air drumming,air drumming,0.5060886144638062,10.43000000208849,57.5009765625,115.001953125,0.0,50.0,185.44768124591792,175.4319531270885,0,1
C:\Users\zx\Desktop\scenario2_pose_lab\scenario2_pose_lab\tiny-Kinetics-400\air_drumming\_axE99QAhe8_000026_000036.mp4,air drumming,15,4.0040000000000004,6.8068,playing organ,playing organ,0.47713902592658997,10.804099998495076,55.060546875,110.12109375,0.0,50.0,185.44768124591792,170.92519374849508,0,0
C:\Users\zx\Desktop\scenario2_pose_lab\scenario2_pose_lab\tiny-Kinetics-400\air_drumming\_axE99QAhe8_000026_000036.mp4,air drumming,16,4.270933333333334,7.073733333333333,air drumming,air drumming,0.3577476739883423,9.81350000074599,54.1494140625,108.298828125,0.0,50.0,185.44768124591792,168.112328125746,0,1
C:\Users\zx\Desktop\scenario2_pose_lab\scenario2_pose_lab\tiny-Kinetics-400\air_drumming\_axE99QAhe8_000026_000036.mp4,air drumming,17,4.537866666666667,7.3406666666666665,air drumming,air drumming,0.5475347638130188,10.496399998373818,53.3564453125,106.712890625,0.0,50.0,185.44768124591792,167.20929062337382,0,1
C:\Users\zx\Desktop\scenario2_pose_lab\scenario2_pose_lab\tiny-Kinetics-400\air_drumming\_axE99QAhe8_000026_000036.mp4,air drumming,18,4.8048,7.6076,playing organ,playing organ,0.13675659894943237,10.450000001583248,49.4462890625,98.892578125,0.0,50.0,185.44768124591792,159.34257812658325,0,0
C:\Users\zx\Desktop\scenario2_pose_lab\scenario2_pose_lab\tiny-Kinetics-400\air_drumming\_axE99QAhe8_000026_000036.mp4,air drumming,19,5.071733333333333,7.874533333333334,air drumming,air drumming,0.15667173266410828,10.285899996233638,44.91796875,89.8359375,0.0,50.0,185.44768124591792,150.12183749623364,0,1
C:\Users\zx\Desktop\scenario2_pose_lab\scenario2_pose_lab\tiny-Kinetics-400\air_drumming\_axE99QAhe8_000026_000036.mp4,air drumming,20,5.338666666666667,8.141466666666666,air drumming,air drumming,0.21411815285682678,10.446599997521844,44.0517578125,88.103515625,0.0,50.0,185.44768124591792,148.55011562252184,0,1
C:\Users\zx\Desktop\scenario2_pose_lab\scenario2_pose_lab\tiny-Kinetics-400\air_drumming\_axE99QAhe8_000026_000036.mp4,air drumming,21,5.6056,8.4084,slapping,slapping,0.10475900024175644,10.455199997522868,39.6953125,79.390625,0.0,50.0,185.44768124591792,139.84582499752287,0,0
C:\Users\zx\Desktop\scenario2_pose_lab\scenario2_pose_lab\tiny-Kinetics-400\air_drumming\_axE99QAhe8_000026_000036.mp4,air drumming,22,5.872533333333333,8.675333333333333,slapping,slapping,0.08614084869623184,10.14539999596309,35.0,70.0,0.0,50.0,185.44768124591792,130.1453999959631,0,0
C:\Users\zx\Desktop\scenario2_pose_lab\scenario2_pose_lab\tiny-Kinetics-400\air_drumming\_axE99QAhe8_000026_000036.mp4,air drumming,23,6.139466666666666,8.942266666666667,slapping,slapping,0.075432687997818,10.085299996717367,34.9453125,69.890625,0.0,50.0,185.44768124591792,129.97592499671737,0,0
C:\Users\zx\Desktop\scenario2_pose_lab\scenario2_pose_lab\tiny-Kinetics-400\air_drumming\_axE99QAhe8_000026_000036.mp4,air drumming,24,6.4064000000000005,9.209200000000001,tossing coin,tossing coin,0.04187930375337601,10.060400003567338,32.072265625,64.14453125,0.0,50.0,185.44768124591792,124.20493125356734,0,0
C:\Users\zx\Desktop\scenario2_pose_lab\scenario2_pose_lab\tiny-Kinetics-400\air_drumming\_dbcJuKJQNs_000040_000050.mp4,air drumming,0,0.0,2.8028,air drumming,air drumming,0.6249045133590698,11.152600003697444,67.9130859375,135.826171875,0.0,50.0,196.97877187869744,196.97877187869744,0,1
C:\Users\zx\Desktop\scenario2_pose_lab\scenario2_pose_lab\tiny-Kinetics-400\air_drumming\_dbcJuKJQNs_000040_000050.mp4,air drumming,1,0.26693333333333336,3.069733333333333,air drumming,air drumming,0.5555388927459717,9.99240000237478,67.8740234375,135.748046875,0.0,50.0,196.97877187869744,195.74044687737478,0,1
C:\Users\zx\Desktop\scenario2_pose_lab\scenario2_pose_lab\tiny-Kinetics-400\air_drumming\_dbcJuKJQNs_000040_000050.mp4,air drumming,2,0.5338666666666667,3.336666666666667,air drumming,air drumming,0.7510682940483093,10.816499998327345,68.6552734375,137.310546875,0.0,50.0,196.97877187869744,198.12704687332734,0,1
C:\Users\zx\Desktop\scenario2_pose_lab\scenario2_pose_lab\tiny-Kinetics-400\air_drumming\_dbcJuKJQNs_000040_000050.mp4,air drumming,3,0.8008000000000001,3.6036,air drumming,air drumming,0.7087409496307373,10.913700003584381,68.0634765625,136.126953125,0.0,50.0,196.97877187869744,197.04065312858438,0,1
C:\Users\zx\Desktop\scenario2_pose_lab\scenario2_pose_lab\tiny-Kinetics-400\air_drumming\_dbcJuKJQNs_000040_000050.mp4,air drumming,4,1.0677333333333334,3.8705333333333334,air drumming,air drumming,0.6375765204429626,10.831099993083626,65.916015625,131.83203125,0.0,50.0,196.97877187869744,192.66313124308363,0,1
C:\Users\zx\Desktop\scenario2_pose_lab\scenario2_pose_lab\tiny-Kinetics-400\air_drumming\_dbcJuKJQNs_000040_000050.mp4,air drumming,5,1.3346666666666667,4.137466666666667,air drumming,air drumming,0.7069721817970276,10.482899997441564,65.634765625,131.26953125,0.0,50.0,196.97877187869744,191.75243124744156,0,1
C:\Users\zx\Desktop\scenario2_pose_lab\scenario2_pose_lab\tiny-Kinetics-400\air_drumming\_dbcJuKJQNs_000040_000050.mp4,air drumming,6,1.6016000000000001,4.4044,air drumming,air drumming,0.606725811958313,10.136500000953674,67.560546875,135.12109375,0.0,50.0,196.97877187869744,195.25759375095367,0,1
C:\Users\zx\Desktop\scenario2_pose_lab\scenario2_pose_lab\tiny-Kinetics-400\air_drumming\_dbcJuKJQNs_000040_000050.mp4,air drumming,7,1.8685333333333334,4.671333333333333,air drumming,air drumming,0.5833181738853455,10.030400000687223,66.369140625,132.73828125,0.0,50.0,196.97877187869744,192.76868125068722,0,1
C:\Users\zx\Desktop\scenario2_pose_lab\scenario2_pose_lab\tiny-Kinetics-400\air_drumming\_dbcJuKJQNs_000040_000050.mp4,air drumming,8,2.135466666666667,4.938266666666666,air drumming,air drumming,0.45920881628990173,10.276600005454384,65.3359375,130.671875,0.0,50.0,196.97877187869744,190.94847500545438,0,1
C:\Users\zx\Desktop\scenario2_pose_lab\scenario2_pose_lab\tiny-Kinetics-400\air_drumming\_dbcJuKJQNs_000040_000050.mp4,air drumming,9,2.4024,5.2052000000000005,air drumming,air drumming,0.6026502251625061,10.307999997166917,67.251953125,134.50390625,0.0,50.0,196.97877187869744,194.81190624716692,0,1
C:\Users\zx\Desktop\scenario2_pose_lab\scenario2_pose_lab\tiny-Kinetics-400\air_drumming\_dbcJuKJQNs_000040_000050.mp4,air drumming,10,2.6693333333333333,5.472133333333334,air drumming,air drumming,0.4853590428829193,10.297699998773169,65.271484375,130.54296875,0.0,50.0,196.97877187869744,190.84066874877317,0,1
C:\Users\zx\Desktop\scenario2_pose_lab\scenario2_pose_lab\tiny-Kinetics-400\air_drumming\_dbcJuKJQNs_000040_000050.mp4,air drumming,11,2.9362666666666666,5.739066666666667,air drumming,air drumming,0.48642227053642273,9.913300003972836,65.5009765625,131.001953125,0.0,50.0,196.97877187869744,190.91525312897284,0,1
C:\Users\zx\Desktop\scenario2_pose_lab\scenario2_pose_lab\tiny-Kinetics-400\air_drumming\_dbcJuKJQNs_000040_000050.mp4,air drumming,12,3.2032000000000003,6.006,air drumming,air drumming,0.7142329216003418,10.089499999594409,66.328125,132.65625,0.0,50.0,196.97877187869744,192.7457499995944,0,1
C:\Users\zx\Desktop\scenario2_pose_lab\scenario2_pose_lab\tiny-Kinetics-400\air_drumming\_dbcJuKJQNs_000040_000050.mp4,air drumming,13,3.4701333333333335,6.2729333333333335,,,0.0,,66.0380859375,132.076171875,0.0,50.0,,,1,0
C:\Users\zx\Desktop\scenario2_pose_lab\scenario2_pose_lab\tiny-Kinetics-400\air_drumming\_dbcJuKJQNs_000040_000050.mp4,air drumming,14,3.7370666666666668,6.539866666666667,air drumming,air drumming,0.7348233461380005,10.02639999933308,65.232421875,130.46484375,0.0,50.0,196.97877187869744,190.49124374933308,0,1
C:\Users\zx\Desktop\scenario2_pose_lab\scenario2_pose_lab\tiny-Kinetics-400\air_drumming\_dbcJuKJQNs_000040_000050.mp4,air drumming,15,4.0040000000000004,6.8068,air drumming,air drumming,0.6845561861991882,9.995799999160226,67.9462890625,135.892578125,0.0,50.0,196.97877187869744,195.88837812416023,0,1
C:\Users\zx\Desktop\scenario2_pose_lab\scenario2_pose_lab\tiny-Kinetics-400\air_drumming\_dbcJuKJQNs_000040_000050.mp4,air drumming,16,4.270933333333334,7.073733333333333,air drumming,air drumming,0.6792241334915161,10.073799996462185,69.5888671875,139.177734375,0.0,50.0,196.97877187869744,199.25153437146218,0,1
C:\Users\zx\Desktop\scenario2_pose_lab\scenario2_pose_lab\tiny-Kinetics-400\air_drumming\_dbcJuKJQNs_000040_000050.mp4,air drumming,17,4.537866666666667,7.3406666666666665,air drumming,air drumming,0.7579236030578613,10.695099997974467,69.2578125,138.515625,0.0,50.0,196.97877187869744,199.21072499797447,0,1
C:\Users\zx\Desktop\scenario2_pose_lab\scenario2_pose_lab\tiny-Kinetics-400\answering_questions\_5PV4fkZisA_000139_000149.mp4,answering questions,0,0.0,2.8028,giving or receiving award,giving or receiving award,0.26950424909591675,11.487099996884353,66.716796875,133.43359375,0.0,50.0,194.92069374688435,194.92069374688435,0,0
C:\Users\zx\Desktop\scenario2_pose_lab\scenario2_pose_lab\tiny-Kinetics-400\answering_questions\_5PV4fkZisA_000139_000149.mp4,answering questions,1,0.26693333333333336,3.069733333333333,giving or receiving award,giving or receiving award,0.2381182610988617,11.280599996098317,66.6318359375,133.263671875,0.0,50.0,194.92069374688435,194.54427187109832,0,0
C:\Users\zx\Desktop\scenario2_pose_lab\scenario2_pose_lab\tiny-Kinetics-400\answering_questions\_5PV4fkZisA_000139_000149.mp4,answering questions,2,0.5338666666666667,3.336666666666667,answering questions,answering questions,0.1659160554409027,11.371000000508502,66.6787109375,133.357421875,0.0,50.0,194.92069374688435,194.7284218755085,0,1
C:\Users\zx\Desktop\scenario2_pose_lab\scenario2_pose_lab\tiny-Kinetics-400\answering_questions\_5PV4fkZisA_000139_000149.mp4,answering questions,3,0.8008000000000001,3.6036,giving or receiving award,giving or receiving award,0.3325884938240051,9.91039999644272,66.6845703125,133.369140625,0.0,50.0,194.92069374688435,193.27954062144272,0,0
C:\Users\zx\Desktop\scenario2_pose_lab\scenario2_pose_lab\tiny-Kinetics-400\answering_questions\_5PV4fkZisA_000139_000149.mp4,answering questions,4,1.0677333333333334,3.8705333333333334,giving or receiving award,giving or receiving award,0.26507070660591125,10.328199998184573,66.548828125,133.09765625,0.0,50.0,194.92069374688435,193.42585624818457,0,0
C:\Users\zx\Desktop\scenario2_pose_lab\scenario2_pose_lab\tiny-Kinetics-400\answering_questions\_5PV4fkZisA_000139_000149.mp4,answering questions,5,1.3346666666666667,4.137466666666667,answering questions,answering questions,0.2565661072731018,9.619299999030773,66.5302734375,133.060546875,0.0,50.0,194.92069374688435,192.67984687403077,0,1
C:\Users\zx\Desktop\scenario2_pose_lab\scenario2_pose_lab\tiny-Kinetics-400\answering_questions\_5PV4fkZisA_000139_000149.mp4,answering questions,6,1.6016000000000001,4.4044,giving or receiving award,giving or receiving award,0.31212812662124634,9.057700000994373,66.740234375,133.48046875,0.0,50.0,194.92069374688435,192.53816875099437,0,0
C:\Users\zx\Desktop\scenario2_pose_lab\scenario2_pose_lab\tiny-Kinetics-400\answering_questions\_5PV4fkZisA_000139_000149.mp4,answering questions,7,1.8685333333333334,4.671333333333333,answering questions,answering questions,0.25629574060440063,10.813300003064796,66.79296875,133.5859375,0.0,50.0,194.92069374688435,194.3992375030648,0,1
C:\Users\zx\Desktop\scenario2_pose_lab\scenario2_pose_lab\tiny-Kinetics-400\answering_questions\_5PV4fkZisA_000139_000149.mp4,answering questions,8,2.135466666666667,4.938266666666666,answering questions,answering questions,0.23982380330562592,11.031699999875855,66.6953125,133.390625,0.0,50.0,194.92069374688435,194.42232499987585,0,1
C:\Users\zx\Desktop\scenario2_pose_lab\scenario2_pose_lab\tiny-Kinetics-400\answering_questions\_5PV4fkZisA_000139_000149.mp4,answering questions,9,2.4024,5.2052000000000005,answering questions,answering questions,0.25631627440452576,10.93090000358643,66.8798828125,133.759765625,0.0,50.0,194.92069374688435,194.69066562858643,0,1
C:\Users\zx\Desktop\scenario2_pose_lab\scenario2_pose_lab\tiny-Kinetics-400\answering_questions\_5PV4fkZisA_000139_000149.mp4,answering questions,10,2.6693333333333333,5.472133333333334,answering questions,answering questions,0.2802027761936188,11.221000000659842,66.783203125,133.56640625,0.0,50.0,194.92069374688435,194.78740625065984,0,1
C:\Users\zx\Desktop\scenario2_pose_lab\scenario2_pose_lab\tiny-Kinetics-400\answering_questions\_5PV4fkZisA_000139_000149.mp4,answering questions,11,2.9362666666666666,5.739066666666667,answering questions,answering questions,0.3238864541053772,11.917000003450084,66.7568359375,133.513671875,0.0,50.0,194.92069374688435,195.43067187845008,0,1
C:\Users\zx\Desktop\scenario2_pose_lab\scenario2_pose_lab\tiny-Kinetics-400\answering_questions\_5PV4fkZisA_000139_000149.mp4,answering questions,12,3.2032000000000003,6.006,answering questions,answering questions,0.33227047324180603,11.70099999580998,66.9501953125,133.900390625,0.0,50.0,194.92069374688435,195.60139062080998,0,1
C:\Users\zx\Desktop\scenario2_pose_lab\scenario2_pose_lab\tiny-Kinetics-400\answering_questions\_5PV4fkZisA_000139_000149.mp4,answering questions,13,3.4701333333333335,6.2729333333333335,answering questions,answering questions,0.31706103682518005,12.613999999302905,66.955078125,133.91015625,0.0,50.0,194.92069374688435,196.5241562493029,0,1
C:\Users\zx\Desktop\scenario2_pose_lab\scenario2_pose_lab\tiny-Kinetics-400\answering_questions\_5PV4fkZisA_000139_000149.mp4,answering questions,14,3.7370666666666668,6.539866666666667,singing,singing,0.3042697310447693,15.846499998588115,66.8037109375,133.607421875,0.0,50.0,194.92069374688435,199.45392187358811,0,0
C:\Users\zx\Desktop\scenario2_pose_lab\scenario2_pose_lab\tiny-Kinetics-400\answering_questions\_5PV4fkZisA_000139_000149.mp4,answering questions,15,4.0040000000000004,6.8068,giving or receiving award,giving or receiving award,0.2715306580066681,11.050299995986279,67.05859375,134.1171875,0.0,50.0,194.92069374688435,195.16748749598628,0,0
C:\Users\zx\Desktop\scenario2_pose_lab\scenario2_pose_lab\tiny-Kinetics-400\answering_questions\_5PV4fkZisA_000139_000149.mp4,answering questions,16,4.270933333333334,7.073733333333333,giving or receiving award,giving or receiving award,0.3355410695075989,10.722799997893162,67.12109375,134.2421875,0.0,50.0,194.92069374688435,194.96498749789316,0,0
C:\Users\zx\Desktop\scenario2_pose_lab\scenario2_pose_lab\tiny-Kinetics-400\answering_questions\_5PV4fkZisA_000139_000149.mp4,answering questions,17,4.537866666666667,7.3406666666666665,giving or receiving award,giving or receiving award,0.3824387490749359,11.362299999746028,67.0732421875,134.146484375,0.0,50.0,194.92069374688435,195.50878437474603,0,0
C:\Users\zx\Desktop\scenario2_pose_lab\scenario2_pose_lab\tiny-Kinetics-400\answering_questions\_5PV4fkZisA_000139_000149.mp4,answering questions,18,4.8048,7.6076,giving or receiving award,giving or receiving award,0.38335272669792175,11.256800004048273,67.2265625,134.453125,0.0,50.0,194.92069374688435,195.70992500404827,0,0
C:\Users\zx\Desktop\scenario2_pose_lab\scenario2_pose_lab\tiny-Kinetics-400\answering_questions\_5PV4fkZisA_000139_000149.mp4,answering questions,19,5.071733333333333,7.874533333333334,giving or receiving award,giving or receiving award,0.32735705375671387,12.2789000015473,67.2451171875,134.490234375,0.0,50.0,194.92069374688435,196.7691343765473,0,0
C:\Users\zx\Desktop\scenario2_pose_lab\scenario2_pose_lab\tiny-Kinetics-400\answering_questions\_5PV4fkZisA_000139_000149.mp4,answering questions,20,5.338666666666667,8.141466666666666,giving or receiving award,giving or receiving award,0.2739240229129791,11.74699999683071,67.3662109375,134.732421875,0.0,50.0,194.92069374688435,196.4794218718307,0,0
C:\Users\zx\Desktop\scenario2_pose_lab\scenario2_pose_lab\tiny-Kinetics-400\answering_questions\_5PV4fkZisA_000139_000149.mp4,answering questions,21,5.6056,8.4084,giving or receiving award,giving or receiving award,0.33552107214927673,11.297500001091976,67.55078125,135.1015625,0.0,50.0,194.92069374688435,196.39906250109198,0,0
C:\Users\zx\Desktop\scenario2_pose_lab\scenario2_pose_lab\tiny-Kinetics-400\answering_questions\_5PV4fkZisA_000139_000149.mp4,answering questions,22,5.872533333333333,8.675333333333333,giving or receiving award,giving or receiving award,0.2522243857383728,11.194799997610971,67.548828125,135.09765625,0.0,50.0,194.92069374688435,196.29245624761097,0,0
C:\Users\zx\Desktop\scenario2_pose_lab\scenario2_pose_lab\tiny-Kinetics-400\answering_questions\_5PV4fkZisA_000139_000149.mp4,answering questions,23,6.139466666666666,8.942266666666667,answering questions,answering questions,0.2620376944541931,10.762199999589939,67.5927734375,135.185546875,0.0,50.0,194.92069374688435,195.94774687458994,0,1
C:\Users\zx\Desktop\scenario2_pose_lab\scenario2_pose_lab\tiny-Kinetics-400\answering_questions\_5PV4fkZisA_000139_000149.mp4,answering questions,24,6.4064000000000005,9.209200000000001,answering questions,answering questions,0.26895084977149963,10.424299995065667,67.6796875,135.359375,0.0,50.0,194.92069374688435,195.78367499506567,0,1
C:\Users\zx\Desktop\scenario2_pose_lab\scenario2_pose_lab\tiny-Kinetics-400\answering_questions\_5PV4fkZisA_000139_000149.mp4,answering questions,25,6.673333333333334,9.476133333333333,answering questions,answering questions,0.3214263617992401,10.450599998875987,67.5478515625,135.095703125,0.0,50.0,194.92069374688435,195.546303123876,0,1
C:\Users\zx\Desktop\scenario2_pose_lab\scenario2_pose_lab\tiny-Kinetics-400\answering_questions\_5VCfqc1Q0Q_000040_000050.mp4,answering questions,0,0.0,2.8028,answering questions,answering questions,0.09932707995176315,11.706600002071355,65.8662109375,131.732421875,0.0,50.0,193.43902187707135,193.43902187707135,0,1
C:\Users\zx\Desktop\scenario2_pose_lab\scenario2_pose_lab\tiny-Kinetics-400\answering_questions\_5VCfqc1Q0Q_000040_000050.mp4,answering questions,1,0.26693333333333336,3.069733333333333,answering questions,answering questions,0.16853798925876617,10.753200003819074,64.892578125,129.78515625,0.0,50.0,193.43902187707135,190.53835625381907,0,1
C:\Users\zx\Desktop\scenario2_pose_lab\scenario2_pose_lab\tiny-Kinetics-400\answering_questions\_5VCfqc1Q0Q_000040_000050.mp4,answering questions,2,0.5338666666666667,3.336666666666667,answering questions,answering questions,0.15595407783985138,10.300000001734588,64.3603515625,128.720703125,0.0,50.0,193.43902187707135,189.0207031267346,0,1
C:\Users\zx\Desktop\scenario2_pose_lab\scenario2_pose_lab\tiny-Kinetics-400\answering_questions\_5VCfqc1Q0Q_000040_000050.mp4,answering questions,3,0.8008000000000001,3.6036,folding napkins,folding napkins,0.256104052066803,8.84080000105314,63.0947265625,126.18945312499999,0.0,50.0,193.43902187707135,185.03025312605314,0,0
C:\Users\zx\Desktop\scenario2_pose_lab\scenario2_pose_lab\tiny-Kinetics-400\answering_questions\_5VCfqc1Q0Q_000040_000050.mp4,answering questions,4,1.0677333333333334,3.8705333333333334,folding napkins,folding napkins,0.593916118144989,11.09050000377465,60.6396484375,121.279296875,0.0,50.0,193.43902187707135,182.36979687877465,0,0
C:\Users\zx\Desktop\scenario2_pose_lab\scenario2_pose_lab\tiny-Kinetics-400\answering_questions\_5VCfqc1Q0Q_000040_000050.mp4,answering questions,5,1.3346666666666667,4.137466666666667,folding napkins,folding napkins,0.8618133068084717,10.765799997898284,60.34765625,120.6953125,0.0,50.0,193.43902187707135,181.46111249789828,0,0
C:\Users\zx\Desktop\scenario2_pose_lab\scenario2_pose_lab\tiny-Kinetics-400\answering_questions\_5VCfqc1Q0Q_000040_000050.mp4,answering questions,6,1.6016000000000001,4.4044,folding napkins,folding napkins,0.7203202247619629,10.680300001695286,59.36328125,118.7265625,0.0,50.0,193.43902187707135,179.4068625016953,0,0
C:\Users\zx\Desktop\scenario2_pose_lab\scenario2_pose_lab\tiny-Kinetics-400\answering_questions\_5VCfqc1Q0Q_000040_000050.mp4,answering questions,7,1.8685333333333334,4.671333333333333,folding napkins,folding napkins,0.9314017295837402,10.57089999812888,57.119140625,114.23828125,0.0,50.0,193.43902187707135,174.80918124812888,0,0
C:\Users\zx\Desktop\scenario2_pose_lab\scenario2_pose_lab\tiny-Kinetics-400\answering_questions\_5VCfqc1Q0Q_000040_000050.mp4,answering questions,8,2.135466666666667,4.938266666666666,folding napkins,folding napkins,0.9642199873924255,10.515100002521649,58.5400390625,117.080078125,0.0,50.0,193.43902187707135,177.59517812752165,0,0
C:\Users\zx\Desktop\scenario2_pose_lab\scenario2_pose_lab\tiny-Kinetics-400\answering_questions\_5VCfqc1Q0Q_000040_000050.mp4,answering questions,9,2.4024,5.2052000000000005,folding napkins,folding napkins,0.7109999656677246,10.186400002567098,58.79296875,117.5859375,0.0,50.0,193.43902187707135,177.7723375025671,0,0
C:\Users\zx\Desktop\scenario2_pose_lab\scenario2_pose_lab\tiny-Kinetics-400\answering_questions\_5VCfqc1Q0Q_000040_000050.mp4,answering questions,10,2.6693333333333333,5.472133333333334,folding napkins,folding napkins,0.9098027348518372,9.636499999032822,57.826171875,115.65234375,0.0,50.0,193.43902187707135,175.28884374903282,0,0
C:\Users\zx\Desktop\scenario2_pose_lab\scenario2_pose_lab\tiny-Kinetics-400\answering_questions\_5VCfqc1Q0Q_000040_000050.mp4,answering questions,11,2.9362666666666666,5.739066666666667,folding napkins,folding napkins,0.9188591837882996,10.597799999231938,59.919921875,119.83984375,0.0,50.0,193.43902187707135,180.43764374923194,0,0
C:\Users\zx\Desktop\scenario2_pose_lab\scenario2_pose_lab\tiny-Kinetics-400\answering_questions\_5VCfqc1Q0Q_000040_000050.mp4,answering questions,12,3.2032000000000003,6.006,answering questions,answering questions,0.28270962834358215,10.3575000030105,60.205078125,120.41015625,0.0,50.0,193.43902187707135,180.7676562530105,0,1
C:\Users\zx\Desktop\scenario2_pose_lab\scenario2_pose_lab\tiny-Kinetics-400\answering_questions\_5VCfqc1Q0Q_000040_000050.mp4,answering questions,13,3.4701333333333335,6.2729333333333335,answering questions,answering questions,0.4369649291038513,10.442800004966557,59.1357421875,118.271484375,0.0,50.0,193.43902187707135,178.71428437996656,0,1
C:\Users\zx\Desktop\scenario2_pose_lab\scenario2_pose_lab\tiny-Kinetics-400\answering_questions\_5VCfqc1Q0Q_000040_000050.mp4,answering questions,14,3.7370666666666668,6.539866666666667,answering questions,answering questions,0.34391114115715027,10.326999996323138,60.861328125,121.72265625,0.0,50.0,193.43902187707135,182.04965624632314,0,1
C:\Users\zx\Desktop\scenario2_pose_lab\scenario2_pose_lab\tiny-Kinetics-400\answering_questions\_5VCfqc1Q0Q_000040_000050.mp4,answering questions,15,4.0040000000000004,6.8068,answering questions,answering questions,0.4321782886981964,10.38449999759905,62.4580078125,124.916015625,0.0,50.0,193.43902187707135,185.30051562259905,0,1
C:\Users\zx\Desktop\scenario2_pose_lab\scenario2_pose_lab\tiny-Kinetics-400\answering_questions\_5VCfqc1Q0Q_000040_000050.mp4,answering questions,16,4.270933333333334,7.073733333333333,answering questions,answering questions,0.2855326533317566,10.468100001162384,62.73046875,125.46093750000001,0.0,50.0,193.43902187707135,185.92903750116238,0,1
C:\Users\zx\Desktop\scenario2_pose_lab\scenario2_pose_lab\tiny-Kinetics-400\answering_questions\_5VCfqc1Q0Q_000040_000050.mp4,answering questions,17,4.537866666666667,7.3406666666666665,answering questions,answering questions,0.2783227264881134,9.602199999790173,64.01953125,128.0390625,0.0,50.0,193.43902187707135,187.64126249979017,0,1
C:\Users\zx\Desktop\scenario2_pose_lab\scenario2_pose_lab\tiny-Kinetics-400\answering_questions\_5VCfqc1Q0Q_000040_000050.mp4,answering questions,18,4.8048,7.6076,answering questions,answering questions,0.24209748208522797,10.293899998941924,64.7412109375,129.482421875,0.0,50.0,193.43902187707135,189.77632187394192,0,1
C:\Users\zx\Desktop\scenario2_pose_lab\scenario2_pose_lab\tiny-Kinetics-400\answering_questions\_5VCfqc1Q0Q_000040_000050.mp4,answering questions,19,5.071733333333333,7.874533333333334,answering questions,answering questions,0.27311310172080994,10.209899999608751,63.7373046875,127.47460937499999,0.0,50.0,193.43902187707135,187.68450937460875,0,1
C:\Users\zx\Desktop\scenario2_pose_lab\scenario2_pose_lab\tiny-Kinetics-400\answering_questions\_5VCfqc1Q0Q_000040_000050.mp4,answering questions,20,5.338666666666667,8.141466666666666,answering questions,answering questions,0.3361132740974426,10.15190000180155,62.58984375,125.1796875,0.0,50.0,193.43902187707135,185.33158750180155,0,1
C:\Users\zx\Desktop\scenario2_pose_lab\scenario2_pose_lab\tiny-Kinetics-400\answering_questions\_5VCfqc1Q0Q_000040_000050.mp4,answering questions,21,5.6056,8.4084,answering questions,answering questions,0.3717300593852997,9.616499999538064,60.7080078125,121.416015625,0.0,50.0,193.43902187707135,181.03251562453806,0,1
C:\Users\zx\Desktop\scenario2_pose_lab\scenario2_pose_lab\tiny-Kinetics-400\answering_questions\_5VCfqc1Q0Q_000040_000050.mp4,answering questions,22,5.872533333333333,8.675333333333333,answering questions,answering questions,0.3109816908836365,10.010500001953915,58.57421875,117.1484375,0.0,50.0,193.43902187707135,177.15893750195391,0,1
C:\Users\zx\Desktop\scenario2_pose_lab\scenario2_pose_lab\tiny-Kinetics-400\answering_questions\_5VCfqc1Q0Q_000040_000050.mp4,answering questions,23,6.139466666666666,8.942266666666667,answering questions,answering questions,0.37992262840270996,10.374699995736592,57.4248046875,114.849609375,0.0,50.0,193.43902187707135,175.2243093707366,0,1
C:\Users\zx\Desktop\scenario2_pose_lab\scenario2_pose_lab\tiny-Kinetics-400\answering_questions\_5VCfqc1Q0Q_000040_000050.mp4,answering questions,24,6.4064000000000005,9.209200000000001,answering questions,answering questions,0.3861805498600006,10.540499999478925,55.8681640625,111.736328125,0.0,50.0,193.43902187707135,172.27682812447893,0,1
C:\Users\zx\Desktop\scenario2_pose_lab\scenario2_pose_lab\tiny-Kinetics-400\answering_questions\_5VCfqc1Q0Q_000040_000050.mp4,answering questions,25,6.673333333333334,9.476133333333333,answering questions,answering questions,0.18643507361412048,10.431700000481214,54.7578125,109.515625,0.0,50.0,193.43902187707135,169.94732500048121,0,1
C:\Users\zx\Desktop\scenario2_pose_lab\scenario2_pose_lab\tiny-Kinetics-400\answering_questions\_5W9Fxl_dFE_000186_000196.mp4,answering questions,0,0.0,5.6,testifying,testifying,0.6838976740837097,11.542200001713354,60.90234375,121.8046875,0.0,50.0,183.34688750171335,183.34688750171335,0,0
C:\Users\zx\Desktop\scenario2_pose_lab\scenario2_pose_lab\tiny-Kinetics-400\answering_questions\_5W9Fxl_dFE_000186_000196.mp4,answering questions,1,0.5333333333333333,6.133333333333334,testifying,testifying,0.6518494486808777,10.939299994788598,61.0380859375,122.076171875,0.0,50.0,183.34688750171335,183.0154718697886,0,0
C:\Users\zx\Desktop\scenario2_pose_lab\scenario2_pose_lab\tiny-Kinetics-400\answering_questions\_5W9Fxl_dFE_000186_000196.mp4,answering questions,2,1.0666666666666667,6.666666666666667,testifying,testifying,0.5443517565727234,10.906899995461572,61.0634765625,122.126953125,0.0,50.0,183.34688750171335,183.03385312046157,0,0
C:\Users\zx\Desktop\scenario2_pose_lab\scenario2_pose_lab\tiny-Kinetics-400\answering_questions\_5W9Fxl_dFE_000186_000196.mp4,answering questions,3,1.6,7.2,testifying,testifying,0.6228353977203369,10.883700000704266,61.0625,122.125,0.0,50.0,183.34688750171335,183.00870000070427,0,0
C:\Users\zx\Desktop\scenario2_pose_lab\scenario2_pose_lab\tiny-Kinetics-400\answering_questions\_5W9Fxl_dFE_000186_000196.mp4,answering questions,4,2.1333333333333333,7.733333333333333,testifying,testifying,0.6464017629623413,11.089500003436115,61.1396484375,122.279296875,0.0,50.0,183.34688750171335,183.36879687843611,0,0
C:\Users\zx\Desktop\scenario2_pose_lab\scenario2_pose_lab\tiny-Kinetics-400\answering_questions\_5W9Fxl_dFE_000186_000196.mp4,answering questions,5,2.6666666666666665,8.266666666666667,testifying,testifying,0.4767773151397705,9.427499993762467,61.072265625,122.14453125,0.0,50.0,183.34688750171335,181.57203124376247,0,0
C:\Users\zx\Desktop\scenario2_pose_lab\scenario2_pose_lab\tiny-Kinetics-400\answering_questions\_5W9Fxl_dFE_000186_000196.mp4,answering questions,6,3.2,8.8,testifying,testifying,0.6065178513526917,10.384000001067761,61.140625,122.28125,0.0,50.0,183.34688750171335,182.66525000106776,0,0
C:\Users\zx\Desktop\scenario2_pose_lab\scenario2_pose_lab\tiny-Kinetics-400\applauding\0nd-Gc3HkmU_000019_000029.mp4,applauding,0,0.0,3.220447284345048,testifying,testifying,0.381942480802536,10.53469999897061,47.478515625,94.95703125,0.0,50.0,155.4917312489706,155.4917312489706,0,0
C:\Users\zx\Desktop\scenario2_pose_lab\scenario2_pose_lab\tiny-Kinetics-400\applauding\0nd-Gc3HkmU_000019_000029.mp4,applauding,1,0.30670926517571884,3.527156549520767,testifying,testifying,0.1423833966255188,10.879699999350123,46.576171875,93.15234375,0.0,50.0,155.4917312489706,154.03204374935012,0,0
C:\Users\zx\Desktop\scenario2_pose_lab\scenario2_pose_lab\tiny-Kinetics-400\applauding\0nd-Gc3HkmU_000019_000029.mp4,applauding,2,0.6134185303514377,3.8338658146964857,testifying,testifying,0.3181056082248688,10.022300004493445,45.42578125,90.8515625,0.0,50.0,155.4917312489706,150.87386250449345,0,0
C:\Users\zx\Desktop\scenario2_pose_lab\scenario2_pose_lab\tiny-Kinetics-400\applauding\0nd-Gc3HkmU_000019_000029.mp4,applauding,3,0.9201277955271566,4.140575079872205,testifying,testifying,0.5827365517616272,9.251600000425242,44.404296875,88.80859375,0.0,50.0,155.4917312489706,148.06019375042524,0,0
C:\Users\zx\Desktop\scenario2_pose_lab\scenario2_pose_lab\tiny-Kinetics-400\applauding\0Tq8uFakTbk_000000_000010.mp4,applauding,0,0.0,2.8028,celebrating,celebrating,0.30458512902259827,11.304799998470116,73.099609375,146.19921875,0.0,50.0,207.50401874847012,207.50401874847012,0,0
C:\Users\zx\Desktop\scenario2_pose_lab\scenario2_pose_lab\tiny-Kinetics-400\applauding\0Tq8uFakTbk_000000_000010.mp4,applauding,1,0.26693333333333336,3.069733333333333,applauding,applauding,0.2919695973396301,11.205899994820356,72.541015625,145.08203125,0.0,50.0,207.50401874847012,206.28793124482036,0,1
C:\Users\zx\Desktop\scenario2_pose_lab\scenario2_pose_lab\tiny-Kinetics-400\applauding\0Tq8uFakTbk_000000_000010.mp4,applauding,2,0.5338666666666667,3.336666666666667,applauding,applauding,0.26920631527900696,10.867699995287694,71.8759765625,143.751953125,0.0,50.0,207.50401874847012,204.6196531202877,0,1
C:\Users\zx\Desktop\scenario2_pose_lab\scenario2_pose_lab\tiny-Kinetics-400\applauding\0Tq8uFakTbk_000000_000010.mp4,applauding,3,0.8008000000000001,3.6036,celebrating,celebrating,0.2752624452114105,10.510899999644607,71.2060546875,142.412109375,0.0,50.0,207.50401874847012,202.9230093746446,0,0
C:\Users\zx\Desktop\scenario2_pose_lab\scenario2_pose_lab\tiny-Kinetics-400\applauding\0Tq8uFakTbk_000000_000010.mp4,applauding,4,1.0677333333333334,3.8705333333333334,applauding,applauding,0.27574262022972107,11.26059999660356,70.6982421875,141.396484375,0.0,50.0,207.50401874847012,202.65708437160356,0,1
C:\Users\zx\Desktop\scenario2_pose_lab\scenario2_pose_lab\tiny-Kinetics-400\applauding\0Tq8uFakTbk_000000_000010.mp4,applauding,5,1.3346666666666667,4.137466666666667,marching,marching,0.28525760769844055,10.883700000704266,70.28125,140.5625,0.0,50.0,207.50401874847012,201.44620000070427,0,0
C:\Users\zx\Desktop\scenario2_pose_lab\scenario2_pose_lab\tiny-Kinetics-400\applauding\0Tq8uFakTbk_000000_000010.mp4,applauding,6,1.6016000000000001,4.4044,marching,marching,0.2771075665950775,10.869600002479274,69.7626953125,139.525390625,0.0,50.0,207.50401874847012,200.39499062747927,0,0
C:\Users\zx\Desktop\scenario2_pose_lab\scenario2_pose_lab\tiny-Kinetics-400\applauding\0Tq8uFakTbk_000000_000010.mp4,applauding,7,1.8685333333333334,4.671333333333333,marching,marching,0.40240544080734253,12.194700000691228,69.466796875,138.93359375,0.0,50.0,207.50401874847012,201.12829375069123,0,0
C:\Users\zx\Desktop\scenario2_pose_lab\scenario2_pose_lab\tiny-Kinetics-400\applauding\0Tq8uFakTbk_000000_000010.mp4,applauding,8,2.135466666666667,4.938266666666666,marching,marching,0.4364495873451233,11.501099994347896,69.0625,138.125,0.0,50.0,207.50401874847012,199.6260999943479,0,0
C:\Users\zx\Desktop\scenario2_pose_lab\scenario2_pose_lab\tiny-Kinetics-400\applauding\0Tq8uFakTbk_000000_000010.mp4,applauding,9,2.4024,5.2052000000000005,marching,marching,0.5745722651481628,12.124200002290308,68.576171875,137.15234375,0.0,50.0,207.50401874847012,199.2765437522903,0,0
C:\Users\zx\Desktop\scenario2_pose_lab\scenario2_pose_lab\tiny-Kinetics-400\applauding\0Tq8uFakTbk_000000_000010.mp4,applauding,10,2.6693333333333333,5.472133333333334,marching,marching,0.47596558928489685,10.821999996551313,68.2626953125,136.525390625,0.0,50.0,207.50401874847012,197.3473906215513,0,0
C:\Users\zx\Desktop\scenario2_pose_lab\scenario2_pose_lab\tiny-Kinetics-400\applauding\0Tq8uFakTbk_000000_000010.mp4,applauding,11,2.9362666666666666,5.739066666666667,marching,marching,0.4320148229598999,10.802900003909599,67.9697265625,135.939453125,0.0,50.0,207.50401874847012,196.7423531289096,0,0
C:\Users\zx\Desktop\scenario2_pose_lab\scenario2_pose_lab\tiny-Kinetics-400\applauding\0Tq8uFakTbk_000000_000010.mp4,applauding,12,3.2032000000000003,6.006,marching,marching,0.6029684543609619,11.623700003838167,67.5830078125,135.166015625,0.0,50.0,207.50401874847012,196.78971562883817,0,0
C:\Users\zx\Desktop\scenario2_pose_lab\scenario2_pose_lab\tiny-Kinetics-400\applauding\0Tq8uFakTbk_000000_000010.mp4,applauding,13,3.4701333333333335,6.2729333333333335,applauding,applauding,0.33067432045936584,10.370800002419855,67.3515625,134.703125,0.0,50.0,207.50401874847012,195.07392500241986,0,1
C:\Users\zx\Desktop\scenario2_pose_lab\scenario2_pose_lab\tiny-Kinetics-400\applauding\0Tq8uFakTbk_000000_000010.mp4,applauding,14,3.7370666666666668,6.539866666666667,applauding,applauding,0.40185052156448364,10.259299997414928,66.748046875,133.49609375,0.0,50.0,207.50401874847012,193.75539374741493,0,1
C:\Users\zx\Desktop\scenario2_pose_lab\scenario2_pose_lab\tiny-Kinetics-400\applauding\0Tq8uFakTbk_000000_000010.mp4,applauding,15,4.0040000000000004,6.8068,applauding,applauding,0.41028401255607605,10.25369999842951,66.33203125,132.6640625,0.0,50.0,207.50401874847012,192.9177624984295,0,1
C:\Users\zx\Desktop\scenario2_pose_lab\scenario2_pose_lab\tiny-Kinetics-400\applauding\0Tq8uFakTbk_000000_000010.mp4,applauding,16,4.270933333333334,7.073733333333333,applauding,applauding,0.43476295471191406,10.219100004178472,66.4501953125,132.900390625,0.0,50.0,207.50401874847012,193.11949062917847,0,1
C:\Users\zx\Desktop\scenario2_pose_lab\scenario2_pose_lab\tiny-Kinetics-400\applauding\0Tq8uFakTbk_000000_000010.mp4,applauding,17,4.537866666666667,7.3406666666666665,applauding,applauding,0.4499593675136566,10.115800003404729,66.091796875,132.18359375,0.0,50.0,207.50401874847012,192.29939375340473,0,1
C:\Users\zx\Desktop\scenario2_pose_lab\scenario2_pose_lab\tiny-Kinetics-400\applauding\0Tq8uFakTbk_000000_000010.mp4,applauding,18,4.8048,7.6076,applauding,applauding,0.4879855811595917,10.322699999960605,65.888671875,131.77734375,0.0,50.0,207.50401874847012,192.1000437499606,0,1
C:\Users\zx\Desktop\scenario2_pose_lab\scenario2_pose_lab\tiny-Kinetics-400\applauding\0Tq8uFakTbk_000000_000010.mp4,applauding,19,5.071733333333333,7.874533333333334,applauding,applauding,0.29590874910354614,10.251799998513889,65.953125,131.90625,0.0,50.0,207.50401874847012,192.1580499985139,0,1
C:\Users\zx\Desktop\scenario2_pose_lab\scenario2_pose_lab\tiny-Kinetics-400\applauding\0Tq8uFakTbk_000000_000010.mp4,applauding,20,5.338666666666667,8.141466666666666,applauding,applauding,0.3530831038951874,10.181999998167157,65.439453125,130.87890625,0.0,50.0,207.50401874847012,191.06090624816716,0,1
C:\Users\zx\Desktop\scenario2_pose_lab\scenario2_pose_lab\tiny-Kinetics-400\applauding\0Tq8uFakTbk_000000_000010.mp4,applauding,21,5.6056,8.4084,applauding,applauding,0.4131205677986145,10.444100000313483,65.2333984375,130.466796875,0.0,50.0,207.50401874847012,190.91089687531348,0,1
C:\Users\zx\Desktop\scenario2_pose_lab\scenario2_pose_lab\tiny-Kinetics-400\applauding\0Tq8uFakTbk_000000_000010.mp4,applauding,22,5.872533333333333,8.675333333333333,marching,marching,0.2101965993642807,10.57520000176737,65.419921875,130.83984375,0.0,50.0,207.50401874847012,191.41504375176737,0,0
C:\Users\zx\Desktop\scenario2_pose_lab\scenario2_pose_lab\tiny-Kinetics-400\applauding\0Tq8uFakTbk_000000_000010.mp4,applauding,23,6.139466666666666,8.942266666666667,applauding,applauding,0.2704191505908966,10.409599999547936,65.0087890625,130.017578125,0.0,50.0,207.50401874847012,190.42717812454794,0,1
C:\Users\zx\Desktop\scenario2_pose_lab\scenario2_pose_lab\tiny-Kinetics-400\applauding\0Tq8uFakTbk_000000_000010.mp4,applauding,24,6.4064000000000005,9.209200000000001,applauding,applauding,0.43138813972473145,10.632800003804732,64.958984375,129.91796875,0.0,50.0,207.50401874847012,190.55076875380473,0,1
C:\Users\zx\Desktop\scenario2_pose_lab\scenario2_pose_lab\tiny-Kinetics-400\applauding\0Tq8uFakTbk_000000_000010.mp4,applauding,25,6.673333333333334,9.476133333333333,applauding,applauding,0.336970716714859,9.52310000138823,65.05078125,130.1015625,0.0,50.0,207.50401874847012,189.62466250138823,0,1
C:\Users\zx\Desktop\scenario2_pose_lab\scenario2_pose_lab\tiny-Kinetics-400\applauding\_LHpfh0rXjk_000012_000022.mp4,applauding,0,0.0,3.6389891696750905,auctioning,auctioning,0.2853377163410187,11.57940000121016,47.986328125,95.97265625,0.0,50.0,157.55205625121016,157.55205625121016,0,0
C:\Users\zx\Desktop\scenario2_pose_lab\scenario2_pose_lab\tiny-Kinetics-400\applauding\_LHpfh0rXjk_000012_000022.mp4,applauding,1,0.3465703971119134,3.985559566787004,auctioning,auctioning,0.4987405240535736,10.668100003385916,49.591796875,99.18359375,0.0,50.0,157.55205625121016,159.85169375338592,0,0
C:\Users\zx\Desktop\scenario2_pose_lab\scenario2_pose_lab\tiny-Kinetics-400\applauding\_LHpfh0rXjk_000012_000022.mp4,applauding,2,0.6931407942238268,4.332129963898917,auctioning,auctioning,0.30999231338500977,10.46199999836972,50.2470703125,100.494140625,0.0,50.0,157.55205625121016,160.95614062336972,0,0
C:\Users\zx\Desktop\scenario2_pose_lab\scenario2_pose_lab\tiny-Kinetics-400\applauding\_LHpfh0rXjk_000012_000022.mp4,applauding,3,1.0397111913357402,4.67870036101083,singing,singing,0.156521275639534,10.703299994929694,51.4091796875,102.818359375,0.0,50.0,157.55205625121016,163.5216593699297,0,0
C:\Users\zx\Desktop\scenario2_pose_lab\scenario2_pose_lab\tiny-Kinetics-400\applauding\_LHpfh0rXjk_000012_000022.mp4,applauding,4,1.3862815884476536,5.025270758122744,auctioning,auctioning,0.491362065076828,10.857399996893946,53.982421875,107.96484375,0.0,50.0,157.55205625121016,168.82224374689395,0,0
C:\Users\zx\Desktop\scenario2_pose_lab\scenario2_pose_lab\tiny-Kinetics-400\applauding\_LHpfh0rXjk_000012_000022.mp4,applauding,5,1.7328519855595668,5.371841155234657,auctioning,auctioning,0.24346765875816345,10.40159999683965,54.0517578125,108.103515625,0.0,50.0,157.55205625121016,168.50511562183965,0,0
C:\Users\zx\Desktop\scenario2_pose_lab\scenario2_pose_lab\tiny-Kinetics-400\applauding\_LHpfh0rXjk_000012_000022.mp4,applauding,6,2.0794223826714804,5.718411552346571,auctioning,auctioning,0.208245649933815,10.799399999086745,55.578125,111.15625,0.0,50.0,157.55205625121016,171.95564999908675,0,0
C:\Users\zx\Desktop\scenario2_pose_lab\scenario2_pose_lab\tiny-Kinetics-400\applauding\_LHpfh0rXjk_000012_000022.mp4,applauding,7,2.425992779783394,6.064981949458484,auctioning,auctioning,0.49956706166267395,11.46389999485109,58.904296875,117.80859375,0.0,50.0,157.55205625121016,179.2724937448511,0,0
C:\Users\zx\Desktop\scenario2_pose_lab\scenario2_pose_lab\tiny-Kinetics-400\applauding\_LHpfh0rXjk_000012_000022.mp4,applauding,8,2.772563176895307,6.411552346570398,auctioning,auctioning,0.31728968024253845,10.963499997160397,59.2626953125,118.525390625,0.0,50.0,157.55205625121016,179.4888906221604,0,0
C:\Users\zx\Desktop\scenario2_pose_lab\scenario2_pose_lab\tiny-Kinetics-400\applauding\_LHpfh0rXjk_000012_000022.mp4,applauding,9,3.1191335740072206,6.758122743682311,dining,dining,0.424057275056839,9.53270000172779,61.6552734375,123.310546875,0.0,50.0,157.55205625121016,182.8432468767278,0,0
C:\Users\zx\Desktop\scenario2_pose_lab\scenario2_pose_lab\tiny-Kinetics-400\applying_cream\-PBcrI7pXUM_000024_000034.mp4,applying cream,0,0.0,3.36,applying cream,applying cream,0.3393053412437439,12.088100003893487,28.8671875,57.734375,0.0,50.0,119.82247500389349,119.82247500389349,0,1
C:\Users\zx\Desktop\scenario2_pose_lab\scenario2_pose_lab\tiny-Kinetics-400\applying_cream\-PBcrI7pXUM_000024_000034.mp4,applying cream,1,0.32,3.68,applying cream,applying cream,0.2576526999473572,10.758700002043042,29.28125,58.5625,0.0,50.0,119.82247500389349,119.32120000204304,0,1
C:\Users\zx\Desktop\scenario2_pose_lab\scenario2_pose_lab\tiny-Kinetics-400\applying_cream\-PBcrI7pXUM_000024_000034.mp4,applying cream,2,0.64,4.0,applying cream,applying cream,0.2451738566160202,11.101399999461137,30.103515625,60.20703125,0.0,50.0,119.82247500389349,121.30843124946114,0,1
C:\Users\zx\Desktop\scenario2_pose_lab\scenario2_pose_lab\tiny-Kinetics-400\applying_cream\-PBcrI7pXUM_000024_000034.mp4,applying cream,3,0.96,4.32,applying cream,applying cream,0.34869423508644104,10.456199997861404,30.48828125,60.9765625,0.0,50.0,119.82247500389349,121.4327624978614,0,1
C:\Users\zx\Desktop\scenario2_pose_lab\scenario2_pose_lab\tiny-Kinetics-400\applying_cream\-PBcrI7pXUM_000024_000034.mp4,applying cream,4,1.28,4.64,applying cream,applying cream,0.37685245275497437,10.497899995243642,31.5947265625,63.189453125,0.0,50.0,119.82247500389349,123.68735312024364,0,1
C:\Users\zx\Desktop\scenario2_pose_lab\scenario2_pose_lab\tiny-Kinetics-400\applying_cream\-PBcrI7pXUM_000024_000034.mp4,applying cream,5,1.6,4.96,applying cream,applying cream,0.5708408355712891,10.314500003005378,32.9423828125,65.884765625,0.0,50.0,119.82247500389349,126.19926562800538,0,1
C:\Users\zx\Desktop\scenario2_pose_lab\scenario2_pose_lab\tiny-Kinetics-400\applying_cream\-PBcrI7pXUM_000024_000034.mp4,applying cream,6,1.92,5.28,applying cream,applying cream,0.6691815257072449,10.865899996133521,34.1181640625,68.236328125,0.0,50.0,119.82247500389349,129.10222812113352,0,1
C:\Users\zx\Desktop\scenario2_pose_lab\scenario2_pose_lab\tiny-Kinetics-400\applying_cream\-PBcrI7pXUM_000024_000034.mp4,applying cream,7,2.24,5.6,applying cream,applying cream,0.6598309278488159,14.118900005996693,35.4267578125,70.853515625,0.0,50.0,119.82247500389349,134.9724156309967,0,1
C:\Users\zx\Desktop\scenario2_pose_lab\scenario2_pose_lab\tiny-Kinetics-400\applying_cream\-PBcrI7pXUM_000024_000034.mp4,applying cream,8,2.56,5.92,applying cream,applying cream,0.7508266568183899,11.524200002895668,36.8291015625,73.658203125,0.0,50.0,119.82247500389349,135.18240312789567,0,1
C:\Users\zx\Desktop\scenario2_pose_lab\scenario2_pose_lab\tiny-Kinetics-400\applying_cream\-PBcrI7pXUM_000024_000034.mp4,applying cream,9,2.88,6.24,applying cream,applying cream,0.7713127136230469,10.513699999137316,38.1689453125,76.337890625,0.0,50.0,119.82247500389349,136.85159062413732,0,1
C:\Users\zx\Desktop\scenario2_pose_lab\scenario2_pose_lab\tiny-Kinetics-400\applying_cream\-PBcrI7pXUM_000024_000034.mp4,applying cream,10,3.2,6.56,applying cream,applying cream,0.6353742480278015,10.065700000268407,39.35546875,78.7109375,0.0,50.0,119.82247500389349,138.7766375002684,0,1
C:\Users\zx\Desktop\scenario2_pose_lab\scenario2_pose_lab\tiny-Kinetics-400\applying_cream\-PBcrI7pXUM_000024_000034.mp4,applying cream,11,3.52,6.88,applying cream,applying cream,0.43724343180656433,10.45239999803016,40.79296875,81.5859375,0.0,50.0,119.82247500389349,142.03833749803016,0,1
C:\Users\zx\Desktop\scenario2_pose_lab\scenario2_pose_lab\tiny-Kinetics-400\applying_cream\-PBcrI7pXUM_000024_000034.mp4,applying cream,12,3.84,7.2,applying cream,applying cream,0.3028331398963928,9.793999997782521,41.9111328125,83.822265625,0.0,50.0,119.82247500389349,143.61626562278252,0,1
C:\Users\zx\Desktop\scenario2_pose_lab\scenario2_pose_lab\tiny-Kinetics-400\applying_cream\_-mM9e_yGog_000067_000077.mp4,applying cream,0,0.0,2.8,baby waking up,baby waking up,0.21714597940444946,11.519799998495728,61.861328125,123.72265625,0.0,50.0,185.24245624849573,185.24245624849573,0,0
C:\Users\zx\Desktop\scenario2_pose_lab\scenario2_pose_lab\tiny-Kinetics-400\applying_cream\_-mM9e_yGog_000067_000077.mp4,applying cream,1,0.26666666666666666,3.066666666666667,baby waking up,baby waking up,0.4201732575893402,11.384299999917857,59.6953125,119.390625,0.0,50.0,185.24245624849573,180.77492499991786,0,0
C:\Users\zx\Desktop\scenario2_pose_lab\scenario2_pose_lab\tiny-Kinetics-400\applying_cream\_-mM9e_yGog_000067_000077.mp4,applying cream,2,0.5333333333333333,3.3333333333333335,baby waking up,baby waking up,0.38835054636001587,11.319799996272195,56.541015625,113.08203125,0.0,50.0,185.24245624849573,174.4018312462722,0,0
C:\Users\zx\Desktop\scenario2_pose_lab\scenario2_pose_lab\tiny-Kinetics-400\applying_cream\_-mM9e_yGog_000067_000077.mp4,applying cream,3,0.8,3.6,baby waking up,baby waking up,0.38369011878967285,11.46840000001248,54.0283203125,108.056640625,0.0,50.0,185.24245624849573,169.52504062501248,0,0
C:\Users\zx\Desktop\scenario2_pose_lab\scenario2_pose_lab\tiny-Kinetics-400\applying_cream\_-mM9e_yGog_000067_000077.mp4,applying cream,4,1.0666666666666667,3.8666666666666667,kissing,kissing,0.2649392783641815,10.903599999437574,52.1953125,104.390625,0.0,50.0,185.24245624849573,165.29422499943757,0,0
C:\Users\zx\Desktop\scenario2_pose_lab\scenario2_pose_lab\tiny-Kinetics-400\applying_cream\_-mM9e_yGog_000067_000077.mp4,applying cream,5,1.3333333333333333,4.133333333333334,baby waking up,baby waking up,0.368936687707901,10.924499998509418,49.046875,98.09375,0.0,50.0,185.24245624849573,159.01824999850942,0,0
C:\Users\zx\Desktop\scenario2_pose_lab\scenario2_pose_lab\tiny-Kinetics-400\applying_cream\_-mM9e_yGog_000067_000077.mp4,applying cream,6,1.6,4.4,massaging back,massaging back,0.9223242402076721,11.09089999954449,47.3232421875,94.646484375,0.0,50.0,185.24245624849573,155.7373843745445,0,0
C:\Users\zx\Desktop\scenario2_pose_lab\scenario2_pose_lab\tiny-Kinetics-400\applying_cream\_-mM9e_yGog_000067_000077.mp4,applying cream,7,1.8666666666666667,4.666666666666667,massaging back,massaging back,0.4722155034542084,10.995399999956135,45.462890625,90.92578125,0.0,50.0,185.24245624849573,151.92118124995613,0,0
C:\Users\zx\Desktop\scenario2_pose_lab\scenario2_pose_lab\tiny-Kinetics-400\applying_cream\_-mM9e_yGog_000067_000077.mp4,applying cream,8,2.1333333333333333,4.933333333333334,kissing,kissing,0.6140567660331726,10.51759999973001,42.365234375,84.73046875,0.0,50.0,185.24245624849573,145.24806874973,0,0
C:\Users\zx\Desktop\scenario2_pose_lab\scenario2_pose_lab\tiny-Kinetics-400\applying_cream\_-mM9e_yGog_000067_000077.mp4,applying cream,9,2.4,5.2,massaging back,massaging back,0.9175851941108704,11.475100000097882,41.197265625,82.39453125,0.0,50.0,185.24245624849573,143.86963125009788,0,0
C:\Users\zx\Desktop\scenario2_pose_lab\scenario2_pose_lab\tiny-Kinetics-400\applying_cream\_-mM9e_yGog_000067_000077.mp4,applying cream,10,2.6666666666666665,5.466666666666667,massaging back,massaging back,0.5187659859657288,11.54590000078315,41.02734375,82.0546875,0.0,50.0,185.24245624849573,143.60058750078315,0,0
C:\Users\zx\Desktop\scenario2_pose_lab\scenario2_pose_lab\tiny-Kinetics-400\applying_cream\_-mM9e_yGog_000067_000077.mp4,applying cream,11,2.933333333333333,5.733333333333333,kissing,kissing,0.5050051212310791,10.701100000005681,41.4326171875,82.865234375,0.0,50.0,185.24245624849573,143.56633437500568,0,0
C:\Users\zx\Desktop\scenario2_pose_lab\scenario2_pose_lab\tiny-Kinetics-400\applying_cream\_-mM9e_yGog_000067_000077.mp4,applying cream,12,3.2,6.0,massaging back,massaging back,0.6267357468605042,11.80480000039097,41.9990234375,83.998046875,0.0,50.0,185.24245624849573,145.80284687539097,0,0
C:\Users\zx\Desktop\scenario2_pose_lab\scenario2_pose_lab\tiny-Kinetics-400\applying_cream\_-mM9e_yGog_000067_000077.mp4,applying cream,13,3.466666666666667,6.266666666666667,massaging back,massaging back,0.5566892623901367,12.205899998662062,42.0068359375,84.013671875,0.0,50.0,185.24245624849573,146.21957187366206,0,0
C:\Users\zx\Desktop\scenario2_pose_lab\scenario2_pose_lab\tiny-Kinetics-400\applying_cream\_-mM9e_yGog_000067_000077.mp4,applying cream,14,3.7333333333333334,6.533333333333333,crying,crying,0.19958384335041046,11.832700001832563,42.5400390625,85.080078125,0.0,50.0,185.24245624849573,146.91277812683256,0,0
C:\Users\zx\Desktop\scenario2_pose_lab\scenario2_pose_lab\tiny-Kinetics-400\applying_cream\_-mM9e_yGog_000067_000077.mp4,applying cream,15,4.0,6.8,massaging person s head,massaging person's head,0.1472950428724289,11.411899999075104,43.2509765625,86.501953125,0.0,50.0,185.24245624849573,147.9138531240751,0,0
C:\Users\zx\Desktop\scenario2_pose_lab\scenario2_pose_lab\tiny-Kinetics-400\applying_cream\_-mM9e_yGog_000067_000077.mp4,applying cream,16,4.266666666666667,7.066666666666666,massaging back,massaging back,0.28167271614074707,10.882900001888629,42.7314453125,85.462890625,0.0,50.0,185.24245624849573,146.34579062688863,0,0
C:\Users\zx\Desktop\scenario2_pose_lab\scenario2_pose_lab\tiny-Kinetics-400\applying_cream\_-mM9e_yGog_000067_000077.mp4,applying cream,17,4.533333333333333,7.333333333333333,baby waking up,baby waking up,0.16536912322044373,9.795800004212651,42.92578125,85.8515625,0.0,50.0,185.24245624849573,145.64736250421265,0,0
C:\Users\zx\Desktop\scenario2_pose_lab\scenario2_pose_lab\tiny-Kinetics-400\applying_cream\_-mM9e_yGog_000067_000077.mp4,applying cream,18,4.8,7.6,massaging person s head,massaging person's head,0.1346205323934555,11.07169999886537,42.7626953125,85.525390625,0.0,50.0,185.24245624849573,146.59709062386537,0,0
C:\Users\zx\Desktop\scenario2_pose_lab\scenario2_pose_lab\tiny-Kinetics-400\applying_cream\_-mM9e_yGog_000067_000077.mp4,applying cream,19,5.066666666666666,7.866666666666666,crying,crying,0.13193964958190918,10.34310000250116,42.4169921875,84.833984375,0.0,50.0,185.24245624849573,145.17708437750116,0,0
C:\Users\zx\Desktop\scenario2_pose_lab\scenario2_pose_lab\tiny-Kinetics-400\applying_cream\_-mM9e_yGog_000067_000077.mp4,applying cream,20,5.333333333333333,8.133333333333333,massaging person s head,massaging person's head,0.17322535812854767,11.045799998100847,42.734375,85.46875,0.0,50.0,185.24245624849573,146.51454999810085,0,0
C:\Users\zx\Desktop\scenario2_pose_lab\scenario2_pose_lab\tiny-Kinetics-400\applying_cream\_-mM9e_yGog_000067_000077.mp4,applying cream,21,5.6,8.4,crying,crying,0.15065079927444458,9.165000003122259,42.7548828125,85.509765625,0.0,50.0,185.24245624849573,144.67476562812226,0,0
C:\Users\zx\Desktop\scenario2_pose_lab\scenario2_pose_lab\tiny-Kinetics-400\applying_cream\_-mM9e_yGog_000067_000077.mp4,applying cream,22,5.866666666666666,8.666666666666666,crying,crying,0.15798857808113098,10.787799998070113,42.3408203125,84.681640625,0.0,50.0,185.24245624849573,145.4694406230701,0,0
C:\Users\zx\Desktop\scenario2_pose_lab\scenario2_pose_lab\tiny-Kinetics-400\applying_cream\_-mM9e_yGog_000067_000077.mp4,applying cream,23,6.133333333333334,8.933333333333334,baby waking up,baby waking up,0.2103821486234665,10.636500002874527,42.4169921875,84.833984375,0.0,50.0,185.24245624849573,145.47048437787453,0,0
C:\Users\zx\Desktop\scenario2_pose_lab\scenario2_pose_lab\tiny-Kinetics-400\applying_cream\_-mM9e_yGog_000067_000077.mp4,applying cream,24,6.4,9.2,crying,crying,0.22708211839199066,9.279799996875226,42.88671875,85.7734375,0.0,50.0,185.24245624849573,145.05323749687523,0,0
C:\Users\zx\Desktop\scenario2_pose_lab\scenario2_pose_lab\tiny-Kinetics-400\applying_cream\_-mM9e_yGog_000067_000077.mp4,applying cream,25,6.666666666666667,9.466666666666667,baby waking up,baby waking up,0.24104319512844086,10.497600000235252,42.580078125,85.16015625,0.0,50.0,185.24245624849573,145.65775625023525,0,0
C:\Users\zx\Desktop\scenario2_pose_lab\scenario2_pose_lab\tiny-Kinetics-400\applying_cream\_SUw41KlPBE_000102_000112.mp4,applying cream,0,0.0,2.8028,applying cream,applying cream,0.9892975091934204,10.619599997880869,46.21875,92.4375,0.0,50.0,153.05709999788087,153.05709999788087,0,1
C:\Users\zx\Desktop\scenario2_pose_lab\scenario2_pose_lab\tiny-Kinetics-400\applying_cream\_SUw41KlPBE_000102_000112.mp4,applying cream,1,0.26693333333333336,3.069733333333333,applying cream,applying cream,0.9788503050804138,10.799399999086745,46.291015625,92.58203125,0.0,50.0,153.05709999788087,153.38143124908675,0,1
C:\Users\zx\Desktop\scenario2_pose_lab\scenario2_pose_lab\tiny-Kinetics-400\applying_cream\_SUw41KlPBE_000102_000112.mp4,applying cream,2,0.5338666666666667,3.336666666666667,,,0.0,,46.0751953125,92.150390625,0.0,50.0,,,1,0
C:\Users\zx\Desktop\scenario2_pose_lab\scenario2_pose_lab\tiny-Kinetics-400\applying_cream\_SUw41KlPBE_000102_000112.mp4,applying cream,3,0.8008000000000001,3.6036,applying cream,applying cream,0.9570792317390442,9.381399999256246,45.9541015625,91.908203125,0.0,50.0,153.05709999788087,151.28960312425625,0,1
C:\Users\zx\Desktop\scenario2_pose_lab\scenario2_pose_lab\tiny-Kinetics-400\applying_cream\_SUw41KlPBE_000102_000112.mp4,applying cream,4,1.0677333333333334,3.8705333333333334,applying cream,applying cream,0.7870453596115112,10.052300000097603,46.0908203125,92.181640625,0.0,50.0,153.05709999788087,152.2339406250976,0,1
C:\Users\zx\Desktop\scenario2_pose_lab\scenario2_pose_lab\tiny-Kinetics-400\applying_cream\_SUw41KlPBE_000102_000112.mp4,applying cream,5,1.3346666666666667,4.137466666666667,applying cream,applying cream,0.9609694480895996,10.519099996599834,46.4267578125,92.853515625,0.0,50.0,153.05709999788087,153.37261562159983,0,1
C:\Users\zx\Desktop\scenario2_pose_lab\scenario2_pose_lab\tiny-Kinetics-400\applying_cream\_SUw41KlPBE_000102_000112.mp4,applying cream,6,1.6016000000000001,4.4044,applying cream,applying cream,0.8625224828720093,10.624799993820488,46.8388671875,93.677734375,0.0,50.0,153.05709999788087,154.3025343688205,0,1
C:\Users\zx\Desktop\scenario2_pose_lab\scenario2_pose_lab\tiny-Kinetics-400\applying_cream\_SUw41KlPBE_000102_000112.mp4,applying cream,7,1.8685333333333334,4.671333333333333,applying cream,applying cream,0.8166264891624451,10.67670000338694,47.03125,94.0625,0.0,50.0,153.05709999788087,154.73920000338694,0,1
C:\Users\zx\Desktop\scenario2_pose_lab\scenario2_pose_lab\tiny-Kinetics-400\applying_cream\_SUw41KlPBE_000102_000112.mp4,applying cream,8,2.135466666666667,4.938266666666666,applying cream,applying cream,0.9068394899368286,10.371600001235493,47.4111328125,94.822265625,0.0,50.0,153.05709999788087,155.1938656262355,0,1
C:\Users\zx\Desktop\scenario2_pose_lab\scenario2_pose_lab\tiny-Kinetics-400\applying_cream\_SUw41KlPBE_000102_000112.mp4,applying cream,9,2.4024,5.2052000000000005,applying cream,applying cream,0.9224137663841248,10.992900002747774,47.6142578125,95.228515625,0.0,50.0,153.05709999788087,156.22141562774777,0,1
C:\Users\zx\Desktop\scenario2_pose_lab\scenario2_pose_lab\tiny-Kinetics-400\applying_cream\_SUw41KlPBE_000102_000112.mp4,applying cream,10,2.6693333333333333,5.472133333333334,applying cream,applying cream,0.9068769216537476,10.059399995952845,47.35546875,94.7109375,0.0,50.0,153.05709999788087,154.77033749595284,0,1
C:\Users\zx\Desktop\scenario2_pose_lab\scenario2_pose_lab\tiny-Kinetics-400\applying_cream\_SUw41KlPBE_000102_000112.mp4,applying cream,11,2.9362666666666666,5.739066666666667,applying cream,applying cream,0.9010909795761108,10.210899999947287,47.2412109375,94.482421875,0.0,50.0,153.05709999788087,154.6933218749473,0,1
C:\Users\zx\Desktop\scenario2_pose_lab\scenario2_pose_lab\tiny-Kinetics-400\applying_cream\_SUw41KlPBE_000102_000112.mp4,applying cream,12,3.2032000000000003,6.006,applying cream,applying cream,0.9698714017868042,9.15960000565974,47.466796875,94.93359375,0.0,50.0,153.05709999788087,154.09319375565974,0,1
C:\Users\zx\Desktop\scenario2_pose_lab\scenario2_pose_lab\tiny-Kinetics-400\applying_cream\_SUw41KlPBE_000102_000112.mp4,applying cream,13,3.4701333333333335,6.2729333333333335,applying cream,applying cream,0.9725951552391052,10.148800000024494,47.314453125,94.62890625,0.0,50.0,153.05709999788087,154.7777062500245,0,1
C:\Users\zx\Desktop\scenario2_pose_lab\scenario2_pose_lab\tiny-Kinetics-400\applying_cream\_SUw41KlPBE_000102_000112.mp4,applying cream,14,3.7370666666666668,6.539866666666667,applying cream,applying cream,0.9832436442375183,10.25859999936074,47.1982421875,94.396484375,0.0,50.0,153.05709999788087,154.65508437436074,0,1
C:\Users\zx\Desktop\scenario2_pose_lab\scenario2_pose_lab\tiny-Kinetics-400\applying_cream\_SUw41KlPBE_000102_000112.mp4,applying cream,15,4.0040000000000004,6.8068,applying cream,applying cream,0.9953468441963196,10.219399999186862,47.3564453125,94.712890625,0.0,50.0,153.05709999788087,154.93229062418686,0,1
C:\Users\zx\Desktop\scenario2_pose_lab\scenario2_pose_lab\tiny-Kinetics-400\applying_cream\_SUw41KlPBE_000102_000112.mp4,applying cream,16,4.270933333333334,7.073733333333333,applying cream,applying cream,0.9946268200874329,10.450400004629046,47.2255859375,94.451171875,0.0,50.0,153.05709999788087,154.90157187962905,0,1
C:\Users\zx\Desktop\scenario2_pose_lab\scenario2_pose_lab\tiny-Kinetics-400\applying_cream\_SUw41KlPBE_000102_000112.mp4,applying cream,17,4.537866666666667,7.3406666666666665,applying cream,applying cream,0.9960644841194153,10.188400003244169,47.3330078125,94.666015625,0.0,50.0,153.05709999788087,154.85441562824417,0,1
C:\Users\zx\Desktop\scenario2_pose_lab\scenario2_pose_lab\tiny-Kinetics-400\applying_cream\_SUw41KlPBE_000102_000112.mp4,applying cream,18,4.8048,7.6076,applying cream,applying cream,0.9975504279136658,10.056899998744484,46.8759765625,93.751953125,0.0,50.0,153.05709999788087,153.80885312374448,0,1
C:\Users\zx\Desktop\scenario2_pose_lab\scenario2_pose_lab\tiny-Kinetics-400\applying_cream\_SUw41KlPBE_000102_000112.mp4,applying cream,19,5.071733333333333,7.874533333333334,applying cream,applying cream,0.994425892829895,10.080100000777747,46.40625,92.8125,0.0,50.0,153.05709999788087,152.89260000077775,0,1
C:\Users\zx\Desktop\scenario2_pose_lab\scenario2_pose_lab\tiny-Kinetics-400\applying_cream\_SUw41KlPBE_000102_000112.mp4,applying cream,20,5.338666666666667,8.141466666666666,applying cream,applying cream,0.9945682287216187,10.93389999732608,46.09765625,92.1953125,0.0,50.0,153.05709999788087,153.12921249732608,0,1
C:\Users\zx\Desktop\scenario2_pose_lab\scenario2_pose_lab\tiny-Kinetics-400\applying_cream\_SUw41KlPBE_000102_000112.mp4,applying cream,21,5.6056,8.4084,applying cream,applying cream,0.997768759727478,8.383100001083221,45.73828125,91.4765625,0.0,50.0,153.05709999788087,149.85966250108322,0,1
C:\Users\zx\Desktop\scenario2_pose_lab\scenario2_pose_lab\tiny-Kinetics-400\applying_cream\_SUw41KlPBE_000102_000112.mp4,applying cream,22,5.872533333333333,8.675333333333333,applying cream,applying cream,0.9924605488777161,9.7678999954951,45.7236328125,91.447265625,0.0,50.0,153.05709999788087,151.2151656204951,0,1
C:\Users\zx\Desktop\scenario2_pose_lab\scenario2_pose_lab\tiny-Kinetics-400\applying_cream\_SUw41KlPBE_000102_000112.mp4,applying cream,23,6.139466666666666,8.942266666666667,,,0.0,,46.2001953125,92.400390625,0.0,50.0,,,1,0
C:\Users\zx\Desktop\scenario2_pose_lab\scenario2_pose_lab\tiny-Kinetics-400\applying_cream\_SUw41KlPBE_000102_000112.mp4,applying cream,24,6.4064000000000005,9.209200000000001,applying cream,applying cream,0.9980556964874268,10.225899997749366,45.7373046875,91.474609375,0.0,50.0,153.05709999788087,151.70050937274937,0,1
C:\Users\zx\Desktop\scenario2_pose_lab\scenario2_pose_lab\tiny-Kinetics-400\applying_cream\_SUw41KlPBE_000102_000112.mp4,applying cream,25,6.673333333333334,9.476133333333333,applying cream,applying cream,0.9969911575317383,10.108900001796428,45.412109375,90.82421875,0.0,50.0,153.05709999788087,150.93311875179643,0,1
C:\Users\zx\Desktop\scenario2_pose_lab\scenario2_pose_lab\tiny-Kinetics-400\archery\_7cIhg_uLmQ_000107_000117.mp4,archery,0,0.0,2.8028,archery,archery,0.8460532426834106,11.871599999722093,99.6005859375,199.201171875,0.0,50.0,261.0727718747221,261.0727718747221,0,1
C:\Users\zx\Desktop\scenario2_pose_lab\scenario2_pose_lab\tiny-Kinetics-400\archery\_7cIhg_uLmQ_000107_000117.mp4,archery,1,0.26693333333333336,3.069733333333333,archery,archery,0.6777642369270325,11.012099996150937,99.494140625,198.98828125,0.0,50.0,261.0727718747221,260.00038124615094,0,1
C:\Users\zx\Desktop\scenario2_pose_lab\scenario2_pose_lab\tiny-Kinetics-400\archery\_7cIhg_uLmQ_000107_000117.mp4,archery,2,0.5338666666666667,3.336666666666667,archery,archery,0.7911770939826965,10.705900000175461,98.9306640625,197.861328125,0.0,50.0,261.0727718747221,258.56722812517546,0,1
C:\Users\zx\Desktop\scenario2_pose_lab\scenario2_pose_lab\tiny-Kinetics-400\archery\_7cIhg_uLmQ_000107_000117.mp4,archery,3,0.8008000000000001,3.6036,archery,archery,0.8193499445915222,10.58779999584658,98.8505859375,197.701171875,0.0,50.0,261.0727718747221,258.2889718708466,0,1
C:\Users\zx\Desktop\scenario2_pose_lab\scenario2_pose_lab\tiny-Kinetics-400\archery\_7cIhg_uLmQ_000107_000117.mp4,archery,4,1.0677333333333334,3.8705333333333334,,,0.0,,98.9482421875,197.896484375,0.0,50.0,,,1,0
C:\Users\zx\Desktop\scenario2_pose_lab\scenario2_pose_lab\tiny-Kinetics-400\archery\_7cIhg_uLmQ_000107_000117.mp4,archery,5,1.3346666666666667,4.137466666666667,archery,archery,0.6672350764274597,9.328699998150114,98.494140625,196.98828125,0.0,50.0,261.0727718747221,256.3169812481501,0,1
C:\Users\zx\Desktop\scenario2_pose_lab\scenario2_pose_lab\tiny-Kinetics-400\archery\_7cIhg_uLmQ_000107_000117.mp4,archery,6,1.6016000000000001,4.4044,archery,archery,0.8156503438949585,8.533100000931881,98.2431640625,196.486328125,0.0,50.0,261.0727718747221,255.01942812593188,0,1
C:\Users\zx\Desktop\scenario2_pose_lab\scenario2_pose_lab\tiny-Kinetics-400\archery\_7cIhg_uLmQ_000107_000117.mp4,archery,7,1.8685333333333334,4.671333333333333,archery,archery,0.4953885078430176,10.402199994132388,98.0185546875,196.037109375,0.0,50.0,261.0727718747221,256.4393093691324,0,1
C:\Users\zx\Desktop\scenario2_pose_lab\scenario2_pose_lab\tiny-Kinetics-400\archery\_7cIhg_uLmQ_000107_000117.mp4,archery,8,2.135466666666667,4.938266666666666,archery,archery,0.7732927203178406,10.174700000789016,97.6875,195.375,0.0,50.0,261.0727718747221,255.54970000078902,0,1
C:\Users\zx\Desktop\scenario2_pose_lab\scenario2_pose_lab\tiny-Kinetics-400\archery\_7cIhg_uLmQ_000107_000117.mp4,archery,9,2.4024,5.2052000000000005,archery,archery,0.8102688193321228,10.508600003959145,97.08984375,194.1796875,0.0,50.0,261.0727718747221,254.68828750395915,0,1
C:\Users\zx\Desktop\scenario2_pose_lab\scenario2_pose_lab\tiny-Kinetics-400\archery\_7cIhg_uLmQ_000107_000117.mp4,archery,10,2.6693333333333333,5.472133333333334,archery,archery,0.7219781875610352,10.524199999053963,95.583984375,191.16796875,0.0,50.0,261.0727718747221,251.69216874905396,0,1
C:\Users\zx\Desktop\scenario2_pose_lab\scenario2_pose_lab\tiny-Kinetics-400\archery\_7cIhg_uLmQ_000107_000117.mp4,archery,11,2.9362666666666666,5.739066666666667,archery,archery,0.6333375573158264,10.277299996232614,95.7294921875,191.458984375,0.0,50.0,261.0727718747221,251.7362843712326,0,1
C:\Users\zx\Desktop\scenario2_pose_lab\scenario2_pose_lab\tiny-Kinetics-400\archery\_7cIhg_uLmQ_000107_000117.mp4,archery,12,3.2032000000000003,6.006,archery,archery,0.5427284240722656,10.248300000966992,95.419921875,190.83984375,0.0,50.0,261.0727718747221,251.088143750967,0,1
C:\Users\zx\Desktop\scenario2_pose_lab\scenario2_pose_lab\tiny-Kinetics-400\archery\_7cIhg_uLmQ_000107_000117.mp4,archery,13,3.4701333333333335,6.2729333333333335,archery,archery,0.8136848211288452,10.243699995044153,94.2666015625,188.533203125,0.0,50.0,261.0727718747221,248.77690312004415,0,1
C:\Users\zx\Desktop\scenario2_pose_lab\scenario2_pose_lab\tiny-Kinetics-400\archery\_7cIhg_uLmQ_000107_000117.mp4,archery,14,3.7370666666666668,6.539866666666667,archery,archery,0.6887525916099548,10.159099998418242,94.2080078125,188.416015625,0.0,50.0,261.0727718747221,248.57511562341824,0,1
C:\Users\zx\Desktop\scenario2_pose_lab\scenario2_pose_lab\tiny-Kinetics-400\archery\_7cIhg_uLmQ_000107_000117.mp4,archery,15,4.0040000000000004,6.8068,archery,archery,0.4730921685695648,10.168399996473454,94.0029296875,188.005859375,0.0,50.0,261.0727718747221,248.17425937147345,0,1
C:\Users\zx\Desktop\scenario2_pose_lab\scenario2_pose_lab\tiny-Kinetics-400\archery\_7cIhg_uLmQ_000107_000117.mp4,archery,16,4.270933333333334,7.073733333333333,archery,archery,0.6691474318504333,11.058299998694565,91.3837890625,182.767578125,0.0,50.0,261.0727718747221,243.82587812369457,0,1
C:\Users\zx\Desktop\scenario2_pose_lab\scenario2_pose_lab\tiny-Kinetics-400\archery\_7cIhg_uLmQ_000107_000117.mp4,archery,17,4.537866666666667,7.3406666666666665,archery,archery,0.5343168377876282,10.59990000067046,92.3583984375,184.716796875,0.0,50.0,261.0727718747221,245.31669687567046,0,1
C:\Users\zx\Desktop\scenario2_pose_lab\scenario2_pose_lab\tiny-Kinetics-400\archery\_7cIhg_uLmQ_000107_000117.mp4,archery,18,4.8048,7.6076,archery,archery,0.47111427783966064,10.049199998320546,92.1103515625,184.220703125,0.0,50.0,261.0727718747221,244.26990312332055,0,1
C:\Users\zx\Desktop\scenario2_pose_lab\scenario2_pose_lab\tiny-Kinetics-400\archery\_7cIhg_uLmQ_000107_000117.mp4,archery,19,5.071733333333333,7.874533333333334,archery,archery,0.4142981469631195,10.370600000896957,90.0341796875,180.068359375,0.0,50.0,261.0727718747221,240.43895937589696,0,1
C:\Users\zx\Desktop\scenario2_pose_lab\scenario2_pose_lab\tiny-Kinetics-400\archery\_7cIhg_uLmQ_000107_000117.mp4,archery,20,5.338666666666667,8.141466666666666,archery,archery,0.4801163375377655,11.05449999886332,91.1796875,182.359375,0.0,50.0,261.0727718747221,243.41387499886332,0,1
C:\Users\zx\Desktop\scenario2_pose_lab\scenario2_pose_lab\tiny-Kinetics-400\archery\_7cIhg_uLmQ_000107_000117.mp4,archery,21,5.6056,8.4084,archery,archery,0.6723106503486633,11.41759999882197,91.1044921875,182.208984375,0.0,50.0,261.0727718747221,243.62658437382197,0,1
C:\Users\zx\Desktop\scenario2_pose_lab\scenario2_pose_lab\tiny-Kinetics-400\archery\_7cIhg_uLmQ_000107_000117.mp4,archery,22,5.872533333333333,8.675333333333333,archery,archery,0.43498465418815613,11.23360000201501,90.1787109375,180.357421875,0.0,50.0,261.0727718747221,241.591021877015,0,1
C:\Users\zx\Desktop\scenario2_pose_lab\scenario2_pose_lab\tiny-Kinetics-400\archery\_7cIhg_uLmQ_000107_000117.mp4,archery,23,6.139466666666666,8.942266666666667,archery,archery,0.7310908436775208,11.27029999770457,91.154296875,182.30859375,0.0,50.0,261.0727718747221,243.57889374770457,0,1
C:\Users\zx\Desktop\scenario2_pose_lab\scenario2_pose_lab\tiny-Kinetics-400\archery\_7cIhg_uLmQ_000107_000117.mp4,archery,24,6.4064000000000005,9.209200000000001,archery,archery,0.879413366317749,10.801000003993977,90.6220703125,181.244140625,0.0,50.0,261.0727718747221,242.04514062899398,0,1
C:\Users\zx\Desktop\scenario2_pose_lab\scenario2_pose_lab\tiny-Kinetics-400\archery\_7cIhg_uLmQ_000107_000117.mp4,archery,25,6.673333333333334,9.476133333333333,archery,archery,0.8689864873886108,10.665800000424497,85.2021484375,170.404296875,0.0,50.0,261.0727718747221,231.0700968754245,0,1
C:\Users\zx\Desktop\scenario2_pose_lab\scenario2_pose_lab\tiny-Kinetics-400\archery\_Buw5qNQZto_000030_000040.mp4,archery,0,0.0,3.36,archery,archery,0.7840803265571594,12.115600002289284,76.1220703125,152.244140625,0.0,50.0,214.35974062728928,214.35974062728928,0,1
C:\Users\zx\Desktop\scenario2_pose_lab\scenario2_pose_lab\tiny-Kinetics-400\archery\_Buw5qNQZto_000030_000040.mp4,archery,1,0.32,3.68,throwing axe,throwing axe,0.4659939110279083,11.267199995927513,76.6318359375,153.263671875,0.0,50.0,214.35974062728928,214.5308718709275,0,0
C:\Users\zx\Desktop\scenario2_pose_lab\scenario2_pose_lab\tiny-Kinetics-400\archery\_Buw5qNQZto_000030_000040.mp4,archery,2,0.64,4.0,archery,archery,0.5197387933731079,10.883800001465715,76.1025390625,152.205078125,0.0,50.0,214.35974062728928,213.08887812646572,0,1
C:\Users\zx\Desktop\scenario2_pose_lab\scenario2_pose_lab\tiny-Kinetics-400\archery\_Buw5qNQZto_000030_000040.mp4,archery,3,0.96,4.32,archery,archery,0.7820178866386414,10.570399994321633,75.603515625,151.20703125,0.0,50.0,214.35974062728928,211.77743124432163,0,1
C:\Users\zx\Desktop\scenario2_pose_lab\scenario2_pose_lab\tiny-Kinetics-400\archery\_Buw5qNQZto_000030_000040.mp4,archery,4,1.28,4.64,archery,archery,0.7079062461853027,10.112399999343324,76.4794921875,152.958984375,0.0,50.0,214.35974062728928,213.07138437434332,0,1
C:\Users\zx\Desktop\scenario2_pose_lab\scenario2_pose_lab\tiny-Kinetics-400\archery\_Buw5qNQZto_000030_000040.mp4,archery,5,1.6,4.96,archery,archery,0.8471431732177734,10.527500002353918,75.99609375,151.9921875,0.0,50.0,214.35974062728928,212.51968750235392,0,1
C:\Users\zx\Desktop\scenario2_pose_lab\scenario2_pose_lab\tiny-Kinetics-400\archery\_Buw5qNQZto_000030_000040.mp4,archery,6,1.92,5.28,archery,archery,0.5959729552268982,10.514299996430054,76.1455078125,152.291015625,0.0,50.0,214.35974062728928,212.80531562143005,0,1
C:\Users\zx\Desktop\scenario2_pose_lab\scenario2_pose_lab\tiny-Kinetics-400\archery\_Buw5qNQZto_000030_000040.mp4,archery,7,2.24,5.6,archery,archery,0.5820058584213257,10.564199998043478,76.8671875,153.734375,0.0,50.0,214.35974062728928,214.29857499804348,0,1
C:\Users\zx\Desktop\scenario2_pose_lab\scenario2_pose_lab\tiny-Kinetics-400\archery\_Buw5qNQZto_000030_000040.mp4,archery,8,2.56,5.92,archery,archery,0.8245189785957336,10.837800000444986,77.0634765625,154.126953125,0.0,50.0,214.35974062728928,214.964753125445,0,1
C:\Users\zx\Desktop\scenario2_pose_lab\scenario2_pose_lab\tiny-Kinetics-400\archery\_Buw5qNQZto_000030_000040.mp4,archery,9,2.88,6.24,throwing axe,throwing axe,0.7549460530281067,11.603400002059061,76.408203125,152.81640625,0.0,50.0,214.35974062728928,214.41980625205906,0,0
C:\Users\zx\Desktop\scenario2_pose_lab\scenario2_pose_lab\tiny-Kinetics-400\archery\_Buw5qNQZto_000030_000040.mp4,archery,10,3.2,6.56,throwing axe,throwing axe,0.4361564815044403,10.760800003481563,76.8017578125,153.603515625,0.0,50.0,214.35974062728928,214.36431562848156,0,0
C:\Users\zx\Desktop\scenario2_pose_lab\scenario2_pose_lab\tiny-Kinetics-400\archery\_Buw5qNQZto_000030_000040.mp4,archery,11,3.52,6.88,archery,archery,0.7103104591369629,11.070900000049733,76.6923828125,153.384765625,0.0,50.0,214.35974062728928,214.45566562504973,0,1
C:\Users\zx\Desktop\scenario2_pose_lab\scenario2_pose_lab\tiny-Kinetics-400\archery\_Buw5qNQZto_000030_000040.mp4,archery,12,3.84,7.2,throwing axe,throwing axe,0.8076657652854919,11.106999998446554,76.333984375,152.66796875,0.0,50.0,214.35974062728928,213.77496874844655,0,0
C:\Users\zx\Desktop\scenario2_pose_lab\scenario2_pose_lab\tiny-Kinetics-400\archery\_Buw5qNQZto_000030_000040.mp4,archery,13,4.16,7.52,throwing axe,throwing axe,0.5479494333267212,11.173300001246389,76.6708984375,153.341796875,0.0,50.0,214.35974062728928,214.5150968762464,0,0
C:\Users\zx\Desktop\scenario2_pose_lab\scenario2_pose_lab\tiny-Kinetics-400\archery\_Buw5qNQZto_000030_000040.mp4,archery,14,4.48,7.84,archery,archery,0.6115210056304932,11.165000003529713,76.9912109375,153.982421875,0.0,50.0,214.35974062728928,215.1474218785297,0,1
C:\Users\zx\Desktop\scenario2_pose_lab\scenario2_pose_lab\tiny-Kinetics-400\archery\_Buw5qNQZto_000030_000040.mp4,archery,15,4.8,8.16,archery,archery,0.7908132076263428,10.834399996383581,76.5625,153.125,0.0,50.0,214.35974062728928,213.95939999638358,0,1
C:\Users\zx\Desktop\scenario2_pose_lab\scenario2_pose_lab\tiny-Kinetics-400\archery\_Buw5qNQZto_000030_000040.mp4,archery,16,5.12,8.48,throwing axe,throwing axe,0.6839162111282349,10.95270000223536,76.6875,153.375,0.0,50.0,214.35974062728928,214.32770000223536,0,0
C:\Users\zx\Desktop\scenario2_pose_lab\scenario2_pose_lab\tiny-Kinetics-400\archery\_Buw5qNQZto_000030_000040.mp4,archery,17,5.44,8.8,archery,archery,0.5577439665794373,10.871899998164736,76.5126953125,153.025390625,0.0,50.0,214.35974062728928,213.89729062316474,0,1
C:\Users\zx\Desktop\scenario2_pose_lab\scenario2_pose_lab\tiny-Kinetics-400\archery\_Buw5qNQZto_000030_000040.mp4,archery,18,5.76,9.12,archery,archery,0.9414514303207397,10.826099998666905,75.701171875,151.40234375,0.0,50.0,214.35974062728928,212.2284437486669,0,1
C:\Users\zx\Desktop\scenario2_pose_lab\scenario2_pose_lab\tiny-Kinetics-400\archery\_Buw5qNQZto_000030_000040.mp4,archery,19,6.08,9.44,throwing axe,throwing axe,0.5407177805900574,11.046400002669543,76.37109375,152.7421875,0.0,50.0,214.35974062728928,213.78858750266954,0,0
C:\Users\zx\Desktop\scenario2_pose_lab\scenario2_pose_lab\tiny-Kinetics-400\archery\_ceSzRc_kEQ_000009_000019.mp4,archery,0,0.0,2.896551724137931,riding or walking with horse,riding or walking with horse,0.6727616190910339,11.79499999852851,76.197265625,152.39453125,0.0,50.0,214.1895312485285,214.1895312485285,0,0
C:\Users\zx\Desktop\scenario2_pose_lab\scenario2_pose_lab\tiny-Kinetics-400\archery\_ceSzRc_kEQ_000009_000019.mp4,archery,1,0.27586206896551724,3.1724137931034484,riding or walking with horse,riding or walking with horse,0.9305068850517273,11.285699998552445,74.8046875,149.609375,0.0,50.0,214.1895312485285,210.89507499855245,0,0
C:\Users\zx\Desktop\scenario2_pose_lab\scenario2_pose_lab\tiny-Kinetics-400\archery\_ceSzRc_kEQ_000009_000019.mp4,archery,2,0.5517241379310345,3.4482758620689653,riding or walking with horse,riding or walking with horse,0.9685410857200623,9.636199996748473,72.064453125,144.12890625,0.0,50.0,214.1895312485285,203.76510624674847,0,0
C:\Users\zx\Desktop\scenario2_pose_lab\scenario2_pose_lab\tiny-Kinetics-400\archery\_ceSzRc_kEQ_000009_000019.mp4,archery,3,0.8275862068965517,3.7241379310344827,riding or walking with horse,riding or walking with horse,0.9584859013557434,11.132600004202686,69.4619140625,138.923828125,0.0,50.0,214.1895312485285,200.0564281292027,0,0
C:\Users\zx\Desktop\scenario2_pose_lab\scenario2_pose_lab\tiny-Kinetics-400\archery\_ceSzRc_kEQ_000009_000019.mp4,archery,4,1.103448275862069,4.0,riding or walking with horse,riding or walking with horse,0.991107165813446,10.924100002739578,66.9970703125,133.994140625,0.0,50.0,214.1895312485285,194.91824062773958,0,0
C:\Users\zx\Desktop\scenario2_pose_lab\scenario2_pose_lab\tiny-Kinetics-400\archery\_ceSzRc_kEQ_000009_000019.mp4,archery,5,1.3793103448275863,4.275862068965517,riding or walking with horse,riding or walking with horse,0.9635116457939148,12.544400000479072,64.681640625,129.36328125,0.0,50.0,214.1895312485285,191.90768125047907,0,0
C:\Users\zx\Desktop\scenario2_pose_lab\scenario2_pose_lab\tiny-Kinetics-400\archery\_ceSzRc_kEQ_000009_000019.mp4,archery,6,1.6551724137931034,4.551724137931035,riding or walking with horse,riding or walking with horse,0.9714549779891968,10.727399996540044,62.626953125,125.25390624999999,0.0,50.0,214.1895312485285,185.98130624654004,0,0
C:\Users\zx\Desktop\scenario2_pose_lab\scenario2_pose_lab\tiny-Kinetics-400\archery\_ceSzRc_kEQ_000009_000019.mp4,archery,7,1.9310344827586208,4.827586206896552,riding or walking with horse,riding or walking with horse,0.9908856749534607,11.753499995393213,60.90234375,121.8046875,0.0,50.0,214.1895312485285,183.5581874953932,0,0
C:\Users\zx\Desktop\scenario2_pose_lab\scenario2_pose_lab\tiny-Kinetics-400\archery\_ceSzRc_kEQ_000009_000019.mp4,archery,8,2.206896551724138,5.103448275862069,riding or walking with horse,riding or walking with horse,0.9704827070236206,11.178699998708908,59.765625,119.53125,0.0,50.0,214.1895312485285,180.7099499987089,0,0
C:\Users\zx\Desktop\scenario2_pose_lab\scenario2_pose_lab\tiny-Kinetics-400\archery\_ceSzRc_kEQ_000009_000019.mp4,archery,9,2.4827586206896552,5.379310344827586,riding or walking with horse,riding or walking with horse,0.9515543580055237,10.36970000131987,58.47265625,116.9453125,0.0,50.0,214.1895312485285,177.31501250131987,0,0
C:\Users\zx\Desktop\scenario2_pose_lab\scenario2_pose_lab\tiny-Kinetics-400\archery\_ceSzRc_kEQ_000009_000019.mp4,archery,10,2.7586206896551726,5.655172413793103,riding or walking with horse,riding or walking with horse,0.9406924247741699,9.333299996796995,57.5078125,115.015625,0.0,50.0,214.1895312485285,174.348924996797,0,0
C:\Users\zx\Desktop\scenario2_pose_lab\scenario2_pose_lab\tiny-Kinetics-400\archery\_ceSzRc_kEQ_000009_000019.mp4,archery,11,3.0344827586206895,5.931034482758621,riding or walking with horse,riding or walking with horse,0.8270467519760132,9.866599997621961,56.0966796875,112.193359375,0.0,50.0,214.1895312485285,172.05995937262196,0,0
C:\Users\zx\Desktop\scenario2_pose_lab\scenario2_pose_lab\tiny-Kinetics-400\archery\_ceSzRc_kEQ_000009_000019.mp4,archery,12,3.310344827586207,6.206896551724138,riding or walking with horse,riding or walking with horse,0.6627523899078369,8.629299998574425,53.8251953125,107.650390625,0.0,50.0,214.1895312485285,166.27969062357442,0,0
C:\Users\zx\Desktop\scenario2_pose_lab\scenario2_pose_lab\tiny-Kinetics-400\archery\_ceSzRc_kEQ_000009_000019.mp4,archery,13,3.586206896551724,6.482758620689655,riding or walking with horse,riding or walking with horse,0.7061747908592224,10.602499998640269,53.837890625,107.67578125,0.0,50.0,214.1895312485285,168.27828124864027,0,0
C:\Users\zx\Desktop\scenario2_pose_lab\scenario2_pose_lab\tiny-Kinetics-400\archery\_ceSzRc_kEQ_000009_000019.mp4,archery,14,3.8620689655172415,6.758620689655173,riding camel,riding camel,0.46085429191589355,10.719199999584816,54.4833984375,108.966796875,0.0,50.0,214.1895312485285,169.68599687458482,0,0
C:\Users\zx\Desktop\scenario2_pose_lab\scenario2_pose_lab\tiny-Kinetics-400\archery\_ceSzRc_kEQ_000009_000019.mp4,archery,15,4.137931034482759,7.0344827586206895,riding camel,riding camel,0.45137685537338257,10.75190000119619,55.4287109375,110.857421875,0.0,50.0,214.1895312485285,171.6093218761962,0,0
C:\Users\zx\Desktop\scenario2_pose_lab\scenario2_pose_lab\tiny-Kinetics-400\archery\_ceSzRc_kEQ_000009_000019.mp4,archery,16,4.413793103448276,7.310344827586207,riding or walking with horse,riding or walking with horse,0.2753702998161316,11.237200000323355,56.6708984375,113.341796875,0.0,50.0,214.1895312485285,174.57899687532336,0,0
C:\Users\zx\Desktop\scenario2_pose_lab\scenario2_pose_lab\tiny-Kinetics-400\archery\_ceSzRc_kEQ_000009_000019.mp4,archery,17,4.689655172413793,7.586206896551724,riding camel,riding camel,0.3785421550273895,10.275499997078441,57.7880859375,115.576171875,0.0,50.0,214.1895312485285,175.85167187207844,0,0
C:\Users\zx\Desktop\scenario2_pose_lab\scenario2_pose_lab\tiny-Kinetics-400\archery\_ceSzRc_kEQ_000009_000019.mp4,archery,18,4.9655172413793105,7.862068965517241,riding camel,riding camel,0.3445785641670227,11.390200001187623,58.7060546875,117.412109375,0.0,50.0,214.1895312485285,178.80230937618762,0,0
C:\Users\zx\Desktop\scenario2_pose_lab\scenario2_pose_lab\tiny-Kinetics-400\archery\_ceSzRc_kEQ_000009_000019.mp4,archery,19,5.241379310344827,8.137931034482758,riding camel,riding camel,0.4027308523654938,10.749299995950423,59.9326171875,119.865234375,0.0,50.0,214.1895312485285,180.61453437095042,0,0
C:\Users\zx\Desktop\scenario2_pose_lab\scenario2_pose_lab\tiny-Kinetics-400\archery\_ceSzRc_kEQ_000009_000019.mp4,archery,20,5.517241379310345,8.413793103448276,marching,marching,0.5071959495544434,10.606100004224572,60.9501953125,121.900390625,0.0,50.0,214.1895312485285,182.50649062922457,0,0
C:\Users\zx\Desktop\scenario2_pose_lab\scenario2_pose_lab\tiny-Kinetics-400\archery\_ceSzRc_kEQ_000009_000019.mp4,archery,21,5.793103448275862,8.689655172413794,marching,marching,0.5365177989006042,10.477399999217596,61.84765625,123.6953125,0.0,50.0,214.1895312485285,184.1727124992176,0,0
C:\Users\zx\Desktop\scenario2_pose_lab\scenario2_pose_lab\tiny-Kinetics-400\archery\_ceSzRc_kEQ_000009_000019.mp4,archery,22,6.068965517241379,8.96551724137931,marching,marching,0.32698774337768555,10.418600002594758,62.869140625,125.73828125,0.0,50.0,214.1895312485285,186.15688125259476,0,0
C:\Users\zx\Desktop\scenario2_pose_lab\scenario2_pose_lab\tiny-Kinetics-400\archery\_ceSzRc_kEQ_000009_000019.mp4,archery,23,6.344827586206897,9.241379310344827,marching,marching,0.7020705938339233,10.445400002936367,63.76953125,127.5390625,0.0,50.0,214.1895312485285,187.98446250293637,0,0
C:\Users\zx\Desktop\scenario2_pose_lab\scenario2_pose_lab\tiny-Kinetics-400\archery\_ceSzRc_kEQ_000009_000019.mp4,archery,24,6.620689655172414,9.517241379310345,marching,marching,0.5138564109802246,10.757600000943057,64.591796875,129.18359375,0.0,50.0,214.1895312485285,189.94119375094306,0,0
C:\Users\zx\Desktop\scenario2_pose_lab\scenario2_pose_lab\tiny-Kinetics-400\arm_wrestling\_6xcGAdO8Jk_000011_000021.mp4,arm wrestling,0,0.0,7.6,arm wrestling,arm wrestling,0.9999996423721313,11.490999997477047,59.0478515625,118.095703125,0.0,50.0,179.58670312247705,179.58670312247705,0,1
C:\Users\zx\Desktop\scenario2_pose_lab\scenario2_pose_lab\tiny-Kinetics-400\arm_wrestling\_hwI3fEVXr8_000000_000010.mp4,arm wrestling,0,0.0,2.800093336444548,arm wrestling,arm wrestling,1.0,13.045499996223953,75.11328125,150.2265625,0.0,50.0,213.27206249622395,213.27206249622395,0,1
C:\Users\zx\Desktop\scenario2_pose_lab\scenario2_pose_lab\tiny-Kinetics-400\arm_wrestling\_hwI3fEVXr8_000000_000010.mp4,arm wrestling,1,0.26667555585186176,3.06676889229641,arm wrestling,arm wrestling,1.0,11.377599999832455,75.140625,150.28125,0.0,50.0,213.27206249622395,211.65884999983246,0,1
C:\Users\zx\Desktop\scenario2_pose_lab\scenario2_pose_lab\tiny-Kinetics-400\arm_wrestling\_hwI3fEVXr8_000000_000010.mp4,arm wrestling,2,0.5333511117037235,3.333444448148272,arm wrestling,arm wrestling,1.0,12.025999996694736,75.1767578125,150.353515625,0.0,50.0,213.27206249622395,212.37951562169474,0,1
C:\Users\zx\Desktop\scenario2_pose_lab\scenario2_pose_lab\tiny-Kinetics-400\arm_wrestling\_hwI3fEVXr8_000000_000010.mp4,arm wrestling,3,0.8000266675555853,3.6001200040001335,,,0.0,,75.3173828125,150.634765625,0.0,50.0,,,1,0
C:\Users\zx\Desktop\scenario2_pose_lab\scenario2_pose_lab\tiny-Kinetics-400\arm_wrestling\_hwI3fEVXr8_000000_000010.mp4,arm wrestling,4,1.066702223407447,3.866795559851995,arm wrestling,arm wrestling,0.9999994039535522,10.995100004947744,75.314453125,150.62890625,0.0,50.0,213.27206249622395,211.62400625494774,0,1
C:\Users\zx\Desktop\scenario2_pose_lab\scenario2_pose_lab\tiny-Kinetics-400\arm_wrestling\_hwI3fEVXr8_000000_000010.mp4,arm wrestling,5,1.3333777792593087,4.133471115703857,arm wrestling,arm wrestling,0.9999995231628418,11.723999996320345,75.2529296875,150.505859375,0.0,50.0,213.27206249622395,212.22985937132034,0,1
C:\Users\zx\Desktop\scenario2_pose_lab\scenario2_pose_lab\tiny-Kinetics-400\arm_wrestling\_hwI3fEVXr8_000000_000010.mp4,arm wrestling,6,1.6000533351111705,4.400146671555719,arm wrestling,arm wrestling,0.9999994039535522,12.144700005592313,75.392578125,150.78515625,0.0,50.0,213.27206249622395,212.9298562555923,0,1
C:\Users\zx\Desktop\scenario2_pose_lab\scenario2_pose_lab\tiny-Kinetics-400\arm_wrestling\_hwI3fEVXr8_000000_000010.mp4,arm wrestling,7,1.8667288909630322,4.666822227407581,arm wrestling,arm wrestling,0.9999995231628418,12.482300000556279,75.306640625,150.61328125,0.0,50.0,213.27206249622395,213.09558125055628,0,1
C:\Users\zx\Desktop\scenario2_pose_lab\scenario2_pose_lab\tiny-Kinetics-400\arm_wrestling\_hwI3fEVXr8_000000_000010.mp4,arm wrestling,8,2.133404446814894,4.933497783259442,arm wrestling,arm wrestling,0.9999994039535522,10.700599996198434,75.32421875,150.6484375,0.0,50.0,213.27206249622395,211.34903749619843,0,1
C:\Users\zx\Desktop\scenario2_pose_lab\scenario2_pose_lab\tiny-Kinetics-400\arm_wrestling\_hwI3fEVXr8_000000_000010.mp4,arm wrestling,9,2.4000800026667557,5.200173339111304,arm wrestling,arm wrestling,0.9999998807907104,11.198699998203665,75.4501953125,150.900390625,0.0,50.0,213.27206249622395,212.09909062320367,0,1
C:\Users\zx\Desktop\scenario2_pose_lab\scenario2_pose_lab\tiny-Kinetics-400\arm_wrestling\_hwI3fEVXr8_000000_000010.mp4,arm wrestling,10,2.6667555585186173,5.4668488949631655,arm wrestling,arm wrestling,0.9999998807907104,11.022200000297744,75.451171875,150.90234375,0.0,50.0,213.27206249622395,211.92454375029774,0,1
C:\Users\zx\Desktop\scenario2_pose_lab\scenario2_pose_lab\tiny-Kinetics-400\arm_wrestling\_hwI3fEVXr8_000000_000010.mp4,arm wrestling,11,2.933431114370479,5.733524450815027,arm wrestling,arm wrestling,0.9999996423721313,11.693300002662,75.4990234375,150.998046875,0.0,50.0,213.27206249622395,212.691346877662,0,1
C:\Users\zx\Desktop\scenario2_pose_lab\scenario2_pose_lab\tiny-Kinetics-400\arm_wrestling\_hwI3fEVXr8_000000_000010.mp4,arm wrestling,12,3.200106670222341,6.000200006666889,arm wrestling,arm wrestling,1.0,10.031700003310107,75.5087890625,151.017578125,0.0,50.0,213.27206249622395,211.0492781283101,0,1
C:\Users\zx\Desktop\scenario2_pose_lab\scenario2_pose_lab\tiny-Kinetics-400\arm_wrestling\_hwI3fEVXr8_000000_000010.mp4,arm wrestling,13,3.4667822260742027,6.26687556251875,arm wrestling,arm wrestling,1.0,9.645699996326584,75.544921875,151.08984375,0.0,50.0,213.27206249622395,210.73554374632658,0,1
C:\Users\zx\Desktop\scenario2_pose_lab\scenario2_pose_lab\tiny-Kinetics-400\arm_wrestling\_hwI3fEVXr8_000000_000010.mp4,arm wrestling,14,3.7334577819260644,6.533551118370613,arm wrestling,arm wrestling,1.0,10.751599998911843,75.71484375,151.4296875,0.0,50.0,213.27206249622395,212.18128749891184,0,1
C:\Users\zx\Desktop\scenario2_pose_lab\scenario2_pose_lab\tiny-Kinetics-400\arm_wrestling\_hwI3fEVXr8_000000_000010.mp4,arm wrestling,15,4.0001333377779265,6.800226674222475,arm wrestling,arm wrestling,1.0,10.935699996480253,75.59765625,151.1953125,0.0,50.0,213.27206249622395,212.13101249648025,0,1
C:\Users\zx\Desktop\scenario2_pose_lab\scenario2_pose_lab\tiny-Kinetics-400\arm_wrestling\_hwI3fEVXr8_000000_000010.mp4,arm wrestling,16,4.266808893629788,7.066902230074336,arm wrestling,arm wrestling,1.0,11.409099999582395,75.6015625,151.203125,0.0,50.0,213.27206249622395,212.6122249995824,0,1
C:\Users\zx\Desktop\scenario2_pose_lab\scenario2_pose_lab\tiny-Kinetics-400\arm_wrestling\_hwI3fEVXr8_000000_000010.mp4,arm wrestling,17,4.53348444948165,7.333577785926198,arm wrestling,arm wrestling,1.0,8.73219999630237,75.4111328125,150.822265625,0.0,50.0,213.27206249622395,209.55446562130237,0,1
C:\Users\zx\Desktop\scenario2_pose_lab\scenario2_pose_lab\tiny-Kinetics-400\arm_wrestling\_hwI3fEVXr8_000000_000010.mp4,arm wrestling,18,4.800160005333511,7.60025334177806,arm wrestling,arm wrestling,1.0,10.499999996682163,75.470703125,150.94140625,0.0,50.0,213.27206249622395,211.44140624668216,0,1
C:\Users\zx\Desktop\scenario2_pose_lab\scenario2_pose_lab\tiny-Kinetics-400\arm_wrestling\_hwI3fEVXr8_000000_000010.mp4,arm wrestling,19,5.066835561185373,7.866928897629921,arm wrestling,arm wrestling,1.0,10.615799998049624,75.2373046875,150.474609375,0.0,50.0,213.27206249622395,211.09040937304962,0,1
C:\Users\zx\Desktop\scenario2_pose_lab\scenario2_pose_lab\tiny-Kinetics-400\arm_wrestling\_hwI3fEVXr8_000000_000010.mp4,arm wrestling,20,5.333511117037235,8.133604453481784,arm wrestling,arm wrestling,1.0,10.673799995856825,75.220703125,150.44140625,0.0,50.0,213.27206249622395,211.11520624585683,0,1
C:\Users\zx\Desktop\scenario2_pose_lab\scenario2_pose_lab\tiny-Kinetics-400\arm_wrestling\_hwI3fEVXr8_000000_000010.mp4,arm wrestling,21,5.600186672889096,8.400280009333645,arm wrestling,arm wrestling,1.0,10.649200004991144,75.4521484375,150.904296875,0.0,50.0,213.27206249622395,211.55349687999114,0,1
C:\Users\zx\Desktop\scenario2_pose_lab\scenario2_pose_lab\tiny-Kinetics-400\arm_wrestling\_hwI3fEVXr8_000000_000010.mp4,arm wrestling,22,5.866862228740958,8.666955565185507,arm wrestling,arm wrestling,1.0,11.20249999803491,75.2568359375,150.513671875,0.0,50.0,213.27206249622395,211.7161718730349,0,1
C:\Users\zx\Desktop\scenario2_pose_lab\scenario2_pose_lab\tiny-Kinetics-400\arm_wrestling\_hwI3fEVXr8_000000_000010.mp4,arm wrestling,23,6.13353778459282,8.933631121037369,arm wrestling,arm wrestling,1.0,10.825700002897065,75.1220703125,150.244140625,0.0,50.0,213.27206249622395,211.06984062789707,0,1
C:\Users\zx\Desktop\scenario2_pose_lab\scenario2_pose_lab\tiny-Kinetics-400\arm_wrestling\_hwI3fEVXr8_000000_000010.mp4,arm wrestling,24,6.400213340444682,9.20030667688923,arm wrestling,arm wrestling,1.0,10.488799998711329,75.255859375,150.51171875,0.0,50.0,213.27206249622395,211.00051874871133,0,1
C:\Users\zx\Desktop\scenario2_pose_lab\scenario2_pose_lab\tiny-Kinetics-400\arm_wrestling\_hwI3fEVXr8_000000_000010.mp4,arm wrestling,25,6.666888896296544,9.466982232741092,arm wrestling,arm wrestling,1.0,10.575500004051719,75.01953125,150.0390625,0.0,50.0,213.27206249622395,210.61456250405172,0,1
