video_path,gt_label,chunk_id,start_sec,end_sec,pred_label,pred_label_raw,confidence,infer_ms,payload_kb,tx_ms,queue_ms,network_delay_ms,first_result_ms,end_to_end_ms,dropped,correct
C:\Users\zx\Desktop\scenario2_pose_lab\scenario2_pose_lab\tiny-Kinetics-400\abseiling\-3B32lodo2M_000059_000069.mp4,abseiling,0,0.0,7.2,rock climbing,rock climbing,0.217101588845253,9.221200001775287,113.0927734375,226.185546875,0.0,0.0,235.4067468767753,235.4067468767753,0,0
C:\Users\zx\Desktop\scenario2_pose_lab\scenario2_pose_lab\tiny-Kinetics-400\abseiling\-3B32lodo2M_000059_000069.mp4,abseiling,1,0.32,7.52,playing paintball,playing paintball,0.28459832072257996,9.164300005068071,117.50390625,235.0078125,0.0,0.0,235.4067468767753,244.17211250506807,0,0
C:\Users\zx\Desktop\scenario2_pose_lab\scenario2_pose_lab\tiny-Kinetics-400\abseiling\-3B32lodo2M_000059_000069.mp4,abseiling,2,0.64,7.84,playing paintball,playing paintball,0.2830485999584198,9.218600003805477,120.150390625,240.30078125,0.0,0.0,235.4067468767753,249.51938125380548,0,0
C:\Users\zx\Desktop\scenario2_pose_lab\scenario2_pose_lab\tiny-Kinetics-400\abseiling\-3B32lodo2M_000059_000069.mp4,abseiling,3,0.96,8.16,playing paintball,playing paintball,0.21281278133392334,9.200100001180544,118.3349609375,236.669921875,0.0,0.0,235.4067468767753,245.87002187618054,0,0
C:\Users\zx\Desktop\scenario2_pose_lab\scenario2_pose_lab\tiny-Kinetics-400\abseiling\-3B32lodo2M_000059_000069.mp4,abseiling,4,1.28,8.48,playing paintball,playing paintball,0.29001012444496155,9.76970000192523,119.9345703125,239.869140625,0.0,0.0,235.4067468767753,249.63884062692523,0,0
C:\Users\zx\Desktop\scenario2_pose_lab\scenario2_pose_lab\tiny-Kinetics-400\abseiling\-3B32lodo2M_000059_000069.mp4,abseiling,5,1.6,8.8,playing paintball,playing paintball,0.27208083868026733,9.488999996392522,123.5390625,247.078125,0.0,0.0,235.4067468767753,256.5671249963925,0,0
C:\Users\zx\Desktop\scenario2_pose_lab\scenario2_pose_lab\tiny-Kinetics-400\abseiling\-3B32lodo2M_000059_000069.mp4,abseiling,6,1.92,9.12,playing paintball,playing paintball,0.26657792925834656,9.123199997702613,120.59765625,241.1953125,0.0,0.0,235.4067468767753,250.3185124977026,0,0
C:\Users\zx\Desktop\scenario2_pose_lab\scenario2_pose_lab\tiny-Kinetics-400\abseiling\-3B32lodo2M_000059_000069.mp4,abseiling,7,2.24,9.44,playing paintball,playing paintball,0.28306329250335693,10.38669999979902,123.8564453125,247.712890625,0.0,0.0,235.4067468767753,258.099590624799,0,0
C:\Users\zx\Desktop\scenario2_pose_lab\scenario2_pose_lab\tiny-Kinetics-400\abseiling\_4YTwq0-73Y_000044_000054.mp4,abseiling,0,0.0,6.0,abseiling,abseiling,0.8023784756660461,9.430300000531133,57.5478515625,115.095703125,0.0,0.0,124.52600312553113,124.52600312553113,0,1
C:\Users\zx\Desktop\scenario2_pose_lab\scenario2_pose_lab\tiny-Kinetics-400\abseiling\_4YTwq0-73Y_000044_000054.mp4,abseiling,1,0.26666666666666666,6.266666666666667,abseiling,abseiling,0.7468177676200867,9.196499995596241,57.51953125,115.0390625,0.0,0.0,124.52600312553113,124.23556249559624,0,1
C:\Users\zx\Desktop\scenario2_pose_lab\scenario2_pose_lab\tiny-Kinetics-400\abseiling\_4YTwq0-73Y_000044_000054.mp4,abseiling,2,0.5333333333333333,6.533333333333333,abseiling,abseiling,0.5826181173324585,9.702600000309758,57.3779296875,114.755859375,0.0,0.0,124.52600312553113,124.45845937530976,0,1
C:\Users\zx\Desktop\scenario2_pose_lab\scenario2_pose_lab\tiny-Kinetics-400\abseiling\_4YTwq0-73Y_000044_000054.mp4,abseiling,3,0.8,6.8,abseiling,abseiling,0.8482276797294617,9.17219999973895,57.4375,114.875,0.0,0.0,124.52600312553113,124.04719999973895,0,1
C:\Users\zx\Desktop\scenario2_pose_lab\scenario2_pose_lab\tiny-Kinetics-400\abseiling\_4YTwq0-73Y_000044_000054.mp4,abseiling,4,1.0666666666666667,7.066666666666666,abseiling,abseiling,0.7553149461746216,9.050600005139131,57.3544921875,114.708984375,0.0,0.0,124.52600312553113,123.75958438013913,0,1
C:\Users\zx\Desktop\scenario2_pose_lab\scenario2_pose_lab\tiny-Kinetics-400\abseiling\_4YTwq0-73Y_000044_000054.mp4,abseiling,5,1.3333333333333333,7.333333333333333,abseiling,abseiling,0.6583152413368225,9.119099995587021,56.8818359375,113.763671875,0.0,0.0,124.52600312553113,122.88277187058702,0,1
C:\Users\zx\Desktop\scenario2_pose_lab\scenario2_pose_lab\tiny-Kinetics-400\abseiling\_4YTwq0-73Y_000044_000054.mp4,abseiling,6,1.6,7.6,abseiling,abseiling,0.8655056357383728,8.730599998671096,56.8828125,113.765625,0.0,0.0,124.52600312553113,122.4962249986711,0,1
C:\Users\zx\Desktop\scenario2_pose_lab\scenario2_pose_lab\tiny-Kinetics-400\abseiling\_4YTwq0-73Y_000044_000054.mp4,abseiling,7,1.8666666666666667,7.866666666666666,abseiling,abseiling,0.7614580392837524,9.77180000336375,57.009765625,114.01953125,0.0,0.0,124.52600312553113,123.79133125336375,0,1
C:\Users\zx\Desktop\scenario2_pose_lab\scenario2_pose_lab\tiny-Kinetics-400\abseiling\_4YTwq0-73Y_000044_000054.mp4,abseiling,8,2.1333333333333333,8.133333333333333,abseiling,abseiling,0.6554559469223022,10.094500001287088,56.9453125,113.890625,0.0,0.0,124.52600312553113,123.98512500128709,0,1
C:\Users\zx\Desktop\scenario2_pose_lab\scenario2_pose_lab\tiny-Kinetics-400\abseiling\_4YTwq0-73Y_000044_000054.mp4,abseiling,9,2.4,8.4,abseiling,abseiling,0.8829628229141235,11.772300000302494,57.8876953125,115.775390625,0.0,0.0,124.52600312553113,127.5476906253025,0,1
C:\Users\zx\Desktop\scenario2_pose_lab\scenario2_pose_lab\tiny-Kinetics-400\abseiling\_4YTwq0-73Y_000044_000054.mp4,abseiling,10,2.6666666666666665,8.666666666666666,abseiling,abseiling,0.831104576587677,10.529899998800829,59.9208984375,119.841796875,0.0,0.0,124.52600312553113,130.37169687380083,0,1
C:\Users\zx\Desktop\scenario2_pose_lab\scenario2_pose_lab\tiny-Kinetics-400\abseiling\_4YTwq0-73Y_000044_000054.mp4,abseiling,11,2.933333333333333,8.933333333333334,,,0.0,,60.373046875,120.74609375,0.0,0.0,,,1,0
C:\Users\zx\Desktop\scenario2_pose_lab\scenario2_pose_lab\tiny-Kinetics-400\abseiling\_4YTwq0-73Y_000044_000054.mp4,abseiling,12,3.2,9.2,abseiling,abseiling,0.9250189065933228,9.91280000016559,61.6943359375,123.388671875,0.0,0.0,124.52600312553113,133.3014718751656,0,1
C:\Users\zx\Desktop\scenario2_pose_lab\scenario2_pose_lab\tiny-Kinetics-400\abseiling\_4YTwq0-73Y_000044_000054.mp4,abseiling,13,3.466666666666667,9.466666666666667,abseiling,abseiling,0.8908268213272095,9.173499995085876,63.451171875,126.90234375000001,0.0,0.0,124.52600312553113,136.07584374508588,0,1
C:\Users\zx\Desktop\scenario2_pose_lab\scenario2_pose_lab\tiny-Kinetics-400\abseiling\_EDt9CNqqxk_000260_000270.mp4,abseiling,0,0.0,7.2,abseiling,abseiling,0.968180239200592,9.243200001947116,190.0771484375,380.154296875,0.0,0.0,389.3974968769471,389.3974968769471,0,1
C:\Users\zx\Desktop\scenario2_pose_lab\scenario2_pose_lab\tiny-Kinetics-400\abseiling\_EDt9CNqqxk_000260_000270.mp4,abseiling,1,0.32,7.52,abseiling,abseiling,0.9844001531600952,8.57190000533592,190.1474609375,380.294921875,0.0,0.0,389.3974968769471,388.8668218803359,0,1
C:\Users\zx\Desktop\scenario2_pose_lab\scenario2_pose_lab\tiny-Kinetics-400\abseiling\_EDt9CNqqxk_000260_000270.mp4,abseiling,2,0.64,7.84,abseiling,abseiling,0.9817454218864441,10.365900001488626,190.0439453125,380.087890625,0.0,0.0,389.3974968769471,390.4537906264886,0,1
C:\Users\zx\Desktop\scenario2_pose_lab\scenario2_pose_lab\tiny-Kinetics-400\abseiling\_EDt9CNqqxk_000260_000270.mp4,abseiling,3,0.96,8.16,abseiling,abseiling,0.9665504097938538,16.115799997351132,189.501953125,379.00390625,0.0,0.0,389.3974968769471,395.11970624735113,0,1
C:\Users\zx\Desktop\scenario2_pose_lab\scenario2_pose_lab\tiny-Kinetics-400\abseiling\_EDt9CNqqxk_000260_000270.mp4,abseiling,4,1.28,8.48,abseiling,abseiling,0.9838867783546448,10.017000000516418,188.9697265625,377.939453125,0.0,0.0,389.3974968769471,387.9564531255164,0,1
C:\Users\zx\Desktop\scenario2_pose_lab\scenario2_pose_lab\tiny-Kinetics-400\abseiling\_EDt9CNqqxk_000260_000270.mp4,abseiling,5,1.6,8.8,abseiling,abseiling,0.9835038185119629,9.831600000325125,186.732421875,373.46484375,0.0,0.0,389.3974968769471,383.2964437503251,0,1
C:\Users\zx\Desktop\scenario2_pose_lab\scenario2_pose_lab\tiny-Kinetics-400\abseiling\_EDt9CNqqxk_000260_000270.mp4,abseiling,6,1.92,9.12,abseiling,abseiling,0.9705687165260315,10.444800005643629,186.19921875,372.3984375,0.0,0.0,389.3974968769471,382.84323750564363,0,1
C:\Users\zx\Desktop\scenario2_pose_lab\scenario2_pose_lab\tiny-Kinetics-400\abseiling\_EDt9CNqqxk_000260_000270.mp4,abseiling,7,2.24,9.44,abseiling,abseiling,0.9905595183372498,10.864399999263696,183.77734375,367.5546875,0.0,0.0,389.3974968769471,378.4190874992637,0,1
C:\Users\zx\Desktop\scenario2_pose_lab\scenario2_pose_lab\tiny-Kinetics-400\air_drumming\_9SlRyQ2Aio_000192_000202.mp4,air drumming,0,0.0,7.2,air drumming,air drumming,0.9454531669616699,12.720300001092255,127.080078125,254.16015625,0.0,0.0,266.88045625109226,266.88045625109226,0,1
C:\Users\zx\Desktop\scenario2_pose_lab\scenario2_pose_lab\tiny-Kinetics-400\air_drumming\_9SlRyQ2Aio_000192_000202.mp4,air drumming,1,0.32,7.52,air drumming,air drumming,0.9948036074638367,9.449299999687355,127.7646484375,255.52929687499997,0.0,0.0,266.88045625109226,264.97859687468736,0,1
C:\Users\zx\Desktop\scenario2_pose_lab\scenario2_pose_lab\tiny-Kinetics-400\air_drumming\_9SlRyQ2Aio_000192_000202.mp4,air drumming,2,0.64,7.84,air drumming,air drumming,0.8654698729515076,11.04539999505505,128.3408203125,256.681640625,0.0,0.0,266.88045625109226,267.72704062005505,0,1
C:\Users\zx\Desktop\scenario2_pose_lab\scenario2_pose_lab\tiny-Kinetics-400\air_drumming\_9SlRyQ2Aio_000192_000202.mp4,air drumming,3,0.96,8.16,air drumming,air drumming,0.7418109178543091,9.44119999621762,128.748046875,257.49609375,0.0,0.0,266.88045625109226,266.9372937462176,0,1
C:\Users\zx\Desktop\scenario2_pose_lab\scenario2_pose_lab\tiny-Kinetics-400\air_drumming\_9SlRyQ2Aio_000192_000202.mp4,air drumming,4,1.28,8.48,air drumming,air drumming,0.9447475075721741,9.923500001605134,129.2236328125,258.447265625,0.0,0.0,266.88045625109226,268.37076562660513,0,1
C:\Users\zx\Desktop\scenario2_pose_lab\scenario2_pose_lab\tiny-Kinetics-400\air_drumming\_9SlRyQ2Aio_000192_000202.mp4,air drumming,5,1.6,8.8,air drumming,air drumming,0.6481256484985352,8.6035999993328,129.5966796875,259.193359375,0.0,0.0,266.88045625109226,267.7969593743328,0,1
C:\Users\zx\Desktop\scenario2_pose_lab\scenario2_pose_lab\tiny-Kinetics-400\air_drumming\_9SlRyQ2Aio_000192_000202.mp4,air drumming,6,1.92,9.12,air drumming,air drumming,0.46380144357681274,9.122299998125527,129.7919921875,259.583984375,0.0,0.0,266.88045625109226,268.7062843731255,0,1
C:\Users\zx\Desktop\scenario2_pose_lab\scenario2_pose_lab\tiny-Kinetics-400\air_drumming\_9SlRyQ2Aio_000192_000202.mp4,air drumming,7,2.24,9.44,air drumming,air drumming,0.7047538757324219,8.68859999900451,130.4521484375,260.904296875,0.0,0.0,266.88045625109226,269.5928968740045,0,1
C:\Users\zx\Desktop\scenario2_pose_lab\scenario2_pose_lab\tiny-Kinetics-400\air_drumming\_axE99QAhe8_000026_000036.mp4,air drumming,0,0.0,6.006,air drumming,air drumming,0.7319007515907288,9.433999999600928,120.1669921875,240.333984375,0.0,0.0,249.76798437460093,249.76798437460093,0,1
C:\Users\zx\Desktop\scenario2_pose_lab\scenario2_pose_lab\tiny-Kinetics-400\air_drumming\_axE99QAhe8_000026_000036.mp4,air drumming,1,0.26693333333333336,6.2729333333333335,playing organ,playing organ,0.537977933883667,9.0970000019297,119.9130859375,239.826171875,0.0,0.0,249.76798437460093,248.9231718769297,0,0
C:\Users\zx\Desktop\scenario2_pose_lab\scenario2_pose_lab\tiny-Kinetics-400\air_drumming\_axE99QAhe8_000026_000036.mp4,air drumming,2,0.5338666666666667,6.539866666666667,air drumming,air drumming,0.6648798584938049,9.14310000371188,118.6767578125,237.353515625,0.0,0.0,249.76798437460093,246.49661562871188,0,1
C:\Users\zx\Desktop\scenario2_pose_lab\scenario2_pose_lab\tiny-Kinetics-400\air_drumming\_axE99QAhe8_000026_000036.mp4,air drumming,3,0.8008000000000001,6.8068,air drumming,air drumming,0.600246012210846,8.452399997622706,117.1083984375,234.216796875,0.0,0.0,249.76798437460093,242.6691968726227,0,1
C:\Users\zx\Desktop\scenario2_pose_lab\scenario2_pose_lab\tiny-Kinetics-400\air_drumming\_axE99QAhe8_000026_000036.mp4,air drumming,4,1.0677333333333334,7.073733333333333,playing organ,playing organ,0.5881098508834839,8.570199999667238,116.6796875,233.359375,0.0,0.0,249.76798437460093,241.92957499966724,0,0
C:\Users\zx\Desktop\scenario2_pose_lab\scenario2_pose_lab\tiny-Kinetics-400\air_drumming\_axE99QAhe8_000026_000036.mp4,air drumming,5,1.3346666666666667,7.3406666666666665,air drumming,air drumming,0.6189588308334351,8.292999998957384,115.037109375,230.07421875,0.0,0.0,249.76798437460093,238.36721874895738,0,1
C:\Users\zx\Desktop\scenario2_pose_lab\scenario2_pose_lab\tiny-Kinetics-400\air_drumming\_axE99QAhe8_000026_000036.mp4,air drumming,6,1.6016000000000001,7.6076,playing organ,playing organ,0.4496248662471771,9.766400005901232,111.509765625,223.01953125,0.0,0.0,249.76798437460093,232.78593125590123,0,0
C:\Users\zx\Desktop\scenario2_pose_lab\scenario2_pose_lab\tiny-Kinetics-400\air_drumming\_axE99QAhe8_000026_000036.mp4,air drumming,7,1.8685333333333334,7.874533333333334,playing organ,playing organ,0.6934593915939331,9.259199992811773,107.1787109375,214.357421875,0.0,0.0,249.76798437460093,223.61662186781177,0,0
C:\Users\zx\Desktop\scenario2_pose_lab\scenario2_pose_lab\tiny-Kinetics-400\air_drumming\_axE99QAhe8_000026_000036.mp4,air drumming,8,2.135466666666667,8.141466666666666,air drumming,air drumming,0.6474756002426147,8.947700000135228,105.5244140625,211.048828125,0.0,0.0,249.76798437460093,219.99652812513523,0,1
C:\Users\zx\Desktop\scenario2_pose_lab\scenario2_pose_lab\tiny-Kinetics-400\air_drumming\_axE99QAhe8_000026_000036.mp4,air drumming,9,2.4024,8.4084,playing organ,playing organ,0.5083853006362915,9.843699997873046,100.50390625,201.0078125,0.0,0.0,249.76798437460093,210.85151249787305,0,0
C:\Users\zx\Desktop\scenario2_pose_lab\scenario2_pose_lab\tiny-Kinetics-400\air_drumming\_axE99QAhe8_000026_000036.mp4,air drumming,10,2.6693333333333333,8.675333333333333,playing organ,playing organ,0.6641125082969666,9.951799998816568,95.541015625,191.08203125,0.0,0.0,249.76798437460093,201.03383124881657,0,0
C:\Users\zx\Desktop\scenario2_pose_lab\scenario2_pose_lab\tiny-Kinetics-400\air_drumming\_axE99QAhe8_000026_000036.mp4,air drumming,11,2.9362666666666666,8.942266666666667,air drumming,air drumming,0.5095173120498657,8.78299999749288,94.4814453125,188.962890625,0.0,0.0,249.76798437460093,197.74589062249288,0,1
C:\Users\zx\Desktop\scenario2_pose_lab\scenario2_pose_lab\tiny-Kinetics-400\air_drumming\_axE99QAhe8_000026_000036.mp4,air drumming,12,3.2032000000000003,9.209200000000001,playing organ,playing organ,0.6388183236122131,8.41470000159461,90.4638671875,180.927734375,0.0,0.0,249.76798437460093,189.3424343765946,0,0
C:\Users\zx\Desktop\scenario2_pose_lab\scenario2_pose_lab\tiny-Kinetics-400\air_drumming\_dbcJuKJQNs_000040_000050.mp4,air drumming,0,0.0,6.006,air drumming,air drumming,0.7004199028015137,9.957099995517638,134.2412109375,268.482421875,0.0,0.0,278.43952187051764,278.43952187051764,0,1
C:\Users\zx\Desktop\scenario2_pose_lab\scenario2_pose_lab\tiny-Kinetics-400\air_drumming\_dbcJuKJQNs_000040_000050.mp4,air drumming,1,0.26693333333333336,6.2729333333333335,air drumming,air drumming,0.5792251229286194,9.43080000433838,133.912109375,267.82421875,0.0,0.0,278.43952187051764,277.2550187543384,0,1
C:\Users\zx\Desktop\scenario2_pose_lab\scenario2_pose_lab\tiny-Kinetics-400\air_drumming\_dbcJuKJQNs_000040_000050.mp4,air drumming,2,0.5338666666666667,6.539866666666667,air drumming,air drumming,0.7187628149986267,9.023500002513174,133.8876953125,267.775390625,0.0,0.0,278.43952187051764,276.7988906275132,0,1
C:\Users\zx\Desktop\scenario2_pose_lab\scenario2_pose_lab\tiny-Kinetics-400\air_drumming\_dbcJuKJQNs_000040_000050.mp4,air drumming,3,0.8008000000000001,6.8068,air drumming,air drumming,0.6782181262969971,10.762699996121228,136.009765625,272.01953125,0.0,0.0,278.43952187051764,282.7822312461212,0,1
C:\Users\zx\Desktop\scenario2_pose_lab\scenario2_pose_lab\tiny-Kinetics-400\air_drumming\_dbcJuKJQNs_000040_000050.mp4,air drumming,4,1.0677333333333334,7.073733333333333,air drumming,air drumming,0.6198391318321228,9.374000001116656,135.5048828125,271.009765625,0.0,0.0,278.43952187051764,280.38376562611666,0,1
C:\Users\zx\Desktop\scenario2_pose_lab\scenario2_pose_lab\tiny-Kinetics-400\air_drumming\_dbcJuKJQNs_000040_000050.mp4,air drumming,5,1.3346666666666667,7.3406666666666665,air drumming,air drumming,0.6744150519371033,8.585399998992216,134.892578125,269.78515625,0.0,0.0,278.43952187051764,278.3705562489922,0,1
C:\Users\zx\Desktop\scenario2_pose_lab\scenario2_pose_lab\tiny-Kinetics-400\answering_questions\_5PV4fkZisA_000139_000149.mp4,answering questions,0,0.0,6.006,giving or receiving award,giving or receiving award,0.25352463126182556,9.236599995347206,133.6669921875,267.333984375,0.0,0.0,276.5705843703472,276.5705843703472,0,0
C:\Users\zx\Desktop\scenario2_pose_lab\scenario2_pose_lab\tiny-Kinetics-400\answering_questions\_5PV4fkZisA_000139_000149.mp4,answering questions,1,0.26693333333333336,6.2729333333333335,giving or receiving award,giving or receiving award,0.28007492423057556,8.604399998148438,133.5869140625,267.173828125,0.0,0.0,276.5705843703472,275.77822812314844,0,0
C:\Users\zx\Desktop\scenario2_pose_lab\scenario2_pose_lab\tiny-Kinetics-400\answering_questions\_5PV4fkZisA_000139_000149.mp4,answering questions,2,0.5338666666666667,6.539866666666667,singing,singing,0.28260278701782227,9.122399998886976,133.482421875,266.96484375,0.0,0.0,276.5705843703472,276.087243748887,0,0
C:\Users\zx\Desktop\scenario2_pose_lab\scenario2_pose_lab\tiny-Kinetics-400\answering_questions\_5PV4fkZisA_000139_000149.mp4,answering questions,3,0.8008000000000001,6.8068,giving or receiving award,giving or receiving award,0.2886175811290741,9.015600000566337,133.7431640625,267.486328125,0.0,0.0,276.5705843703472,276.50192812556634,0,0
C:\Users\zx\Desktop\scenario2_pose_lab\scenario2_pose_lab\tiny-Kinetics-400\answering_questions\_5PV4fkZisA_000139_000149.mp4,answering questions,4,1.0677333333333334,7.073733333333333,giving or receiving award,giving or receiving award,0.2772366404533386,8.541000002878718,133.669921875,267.33984375,0.0,0.0,276.5705843703472,275.8808437528787,0,0
C:\Users\zx\Desktop\scenario2_pose_lab\scenario2_pose_lab\tiny-Kinetics-400\answering_questions\_5PV4fkZisA_000139_000149.mp4,answering questions,5,1.3346666666666667,7.3406666666666665,singing,singing,0.27388796210289,9.148999997705687,133.603515625,267.20703125,0.0,0.0,276.5705843703472,276.3560312477057,0,0
C:\Users\zx\Desktop\scenario2_pose_lab\scenario2_pose_lab\tiny-Kinetics-400\answering_questions\_5PV4fkZisA_000139_000149.mp4,answering questions,6,1.6016000000000001,7.6076,giving or receiving award,giving or receiving award,0.29069453477859497,8.563800001866184,133.966796875,267.93359375,0.0,0.0,276.5705843703472,276.4973937518662,0,0
C:\Users\zx\Desktop\scenario2_pose_lab\scenario2_pose_lab\tiny-Kinetics-400\answering_questions\_5PV4fkZisA_000139_000149.mp4,answering questions,7,1.8685333333333334,7.874533333333334,giving or receiving award,giving or receiving award,0.2515999376773834,9.887100000923965,134.0380859375,268.076171875,0.0,0.0,276.5705843703472,277.96327187592397,0,0
C:\Users\zx\Desktop\scenario2_pose_lab\scenario2_pose_lab\tiny-Kinetics-400\answering_questions\_5PV4fkZisA_000139_000149.mp4,answering questions,8,2.135466666666667,8.141466666666666,singing,singing,0.2594880163669586,9.085700003197417,134.0615234375,268.123046875,0.0,0.0,276.5705843703472,277.2087468781974,0,0
C:\Users\zx\Desktop\scenario2_pose_lab\scenario2_pose_lab\tiny-Kinetics-400\answering_questions\_5PV4fkZisA_000139_000149.mp4,answering questions,9,2.4024,8.4084,giving or receiving award,giving or receiving award,0.2523232400417328,8.927099996071775,134.4306640625,268.861328125,0.0,0.0,276.5705843703472,277.7884281210718,0,0
C:\Users\zx\Desktop\scenario2_pose_lab\scenario2_pose_lab\tiny-Kinetics-400\answering_questions\_5PV4fkZisA_000139_000149.mp4,answering questions,10,2.6693333333333333,8.675333333333333,giving or receiving award,giving or receiving award,0.2551502287387848,9.07069999811938,134.33203125,268.6640625,0.0,0.0,276.5705843703472,277.7347624981194,0,0
C:\Users\zx\Desktop\scenario2_pose_lab\scenario2_pose_lab\tiny-Kinetics-400\answering_questions\_5PV4fkZisA_000139_000149.mp4,answering questions,11,2.9362666666666666,8.942266666666667,singing,singing,0.26101815700531006,9.244200002285652,134.349609375,268.69921875,0.0,0.0,276.5705843703472,277.94341875228565,0,0
C:\Users\zx\Desktop\scenario2_pose_lab\scenario2_pose_lab\tiny-Kinetics-400\answering_questions\_5PV4fkZisA_000139_000149.mp4,answering questions,12,3.2032000000000003,9.209200000000001,giving or receiving award,giving or receiving award,0.23445986211299896,9.993600004236214,134.6298828125,269.259765625,0.0,0.0,276.5705843703472,279.2533656292362,0,0
C:\Users\zx\Desktop\scenario2_pose_lab\scenario2_pose_lab\tiny-Kinetics-400\answering_questions\_5PV4fkZisA_000139_000149.mp4,answering questions,13,3.4701333333333335,9.476133333333333,singing,singing,0.24023529887199402,10.382599997683428,134.5029296875,269.005859375,0.0,0.0,276.5705843703472,279.3884593726834,0,0
C:\Users\zx\Desktop\scenario2_pose_lab\scenario2_pose_lab\tiny-Kinetics-400\answering_questions\_5VCfqc1Q0Q_000040_000050.mp4,answering questions,0,0.0,6.006,folding napkins,folding napkins,0.26254934072494507,11.022599996067584,126.0712890625,252.14257812500003,0.0,0.0,263.1651781210676,263.1651781210676,0,0
C:\Users\zx\Desktop\scenario2_pose_lab\scenario2_pose_lab\tiny-Kinetics-400\answering_questions\_5VCfqc1Q0Q_000040_000050.mp4,answering questions,1,0.26693333333333336,6.2729333333333335,folding napkins,folding napkins,0.6501189470291138,9.192299999995157,124.0283203125,248.056640625,0.0,0.0,263.1651781210676,257.24894062499516,0,0
C:\Users\zx\Desktop\scenario2_pose_lab\scenario2_pose_lab\tiny-Kinetics-400\answering_questions\_5VCfqc1Q0Q_000040_000050.mp4,answering questions,2,0.5338666666666667,6.539866666666667,folding napkins,folding napkins,0.5614011883735657,10.090999996464234,125.2216796875,250.443359375,0.0,0.0,263.1651781210676,260.53435937146423,0,0
C:\Users\zx\Desktop\scenario2_pose_lab\scenario2_pose_lab\tiny-Kinetics-400\answering_questions\_5VCfqc1Q0Q_000040_000050.mp4,answering questions,3,0.8008000000000001,6.8068,folding napkins,folding napkins,0.2020270973443985,9.403899995959364,125.552734375,251.10546875,0.0,0.0,263.1651781210676,260.50936874595936,0,0
C:\Users\zx\Desktop\scenario2_pose_lab\scenario2_pose_lab\tiny-Kinetics-400\answering_questions\_5VCfqc1Q0Q_000040_000050.mp4,answering questions,4,1.0677333333333334,7.073733333333333,folding napkins,folding napkins,0.6444466710090637,8.840200003760401,123.3701171875,246.740234375,0.0,0.0,263.1651781210676,255.5804343787604,0,0
C:\Users\zx\Desktop\scenario2_pose_lab\scenario2_pose_lab\tiny-Kinetics-400\answering_questions\_5VCfqc1Q0Q_000040_000050.mp4,answering questions,5,1.3346666666666667,7.3406666666666665,folding napkins,folding napkins,0.6160904169082642,10.036599996965379,124.3671875,248.734375,0.0,0.0,263.1651781210676,258.7709749969654,0,0
C:\Users\zx\Desktop\scenario2_pose_lab\scenario2_pose_lab\tiny-Kinetics-400\answering_questions\_5VCfqc1Q0Q_000040_000050.mp4,answering questions,6,1.6016000000000001,7.6076,folding napkins,folding napkins,0.2267969399690628,8.63740000204416,124.1044921875,248.208984375,0.0,0.0,263.1651781210676,256.84638437704416,0,0
C:\Users\zx\Desktop\scenario2_pose_lab\scenario2_pose_lab\tiny-Kinetics-400\answering_questions\_5VCfqc1Q0Q_000040_000050.mp4,answering questions,7,1.8685333333333334,7.874533333333334,folding napkins,folding napkins,0.6204147338867188,9.057900002517272,120.8564453125,241.712890625,0.0,0.0,263.1651781210676,250.77079062751727,0,0
C:\Users\zx\Desktop\scenario2_pose_lab\scenario2_pose_lab\tiny-Kinetics-400\answering_questions\_5VCfqc1Q0Q_000040_000050.mp4,answering questions,8,2.135466666666667,8.141466666666666,folding napkins,folding napkins,0.45312193036079407,8.48769999720389,121.1298828125,242.259765625,0.0,0.0,263.1651781210676,250.7474656222039,0,0
C:\Users\zx\Desktop\scenario2_pose_lab\scenario2_pose_lab\tiny-Kinetics-400\answering_questions\_5VCfqc1Q0Q_000040_000050.mp4,answering questions,9,2.4024,8.4084,answering questions,answering questions,0.33441320061683655,9.314399998402223,119.5009765625,239.001953125,0.0,0.0,263.1651781210676,248.31635312340222,0,1
C:\Users\zx\Desktop\scenario2_pose_lab\scenario2_pose_lab\tiny-Kinetics-400\answering_questions\_5VCfqc1Q0Q_000040_000050.mp4,answering questions,10,2.6693333333333333,8.675333333333333,answering questions,answering questions,0.28223705291748047,8.867900003679097,116.400390625,232.80078125,0.0,0.0,263.1651781210676,241.6686812536791,0,1
C:\Users\zx\Desktop\scenario2_pose_lab\scenario2_pose_lab\tiny-Kinetics-400\answering_questions\_5VCfqc1Q0Q_000040_000050.mp4,answering questions,11,2.9362666666666666,8.942266666666667,answering questions,answering questions,0.32492518424987793,8.86270000046352,117.3447265625,234.689453125,0.0,0.0,263.1651781210676,243.55215312546352,0,1
C:\Users\zx\Desktop\scenario2_pose_lab\scenario2_pose_lab\tiny-Kinetics-400\answering_questions\_5VCfqc1Q0Q_000040_000050.mp4,answering questions,12,3.2032000000000003,9.209200000000001,answering questions,answering questions,0.4020719826221466,8.829799997329246,116.0732421875,232.146484375,0.0,0.0,263.1651781210676,240.97628437232925,0,1
C:\Users\zx\Desktop\scenario2_pose_lab\scenario2_pose_lab\tiny-Kinetics-400\answering_questions\_5VCfqc1Q0Q_000040_000050.mp4,answering questions,13,3.4701333333333335,9.476133333333333,answering questions,answering questions,0.36577755212783813,8.967800000391435,113.8935546875,227.787109375,0.0,0.0,263.1651781210676,236.75490937539143,0,1
C:\Users\zx\Desktop\scenario2_pose_lab\scenario2_pose_lab\tiny-Kinetics-400\answering_questions\_5W9Fxl_dFE_000186_000196.mp4,answering questions,0,0.0,9.933333333333334,testifying,testifying,0.5024663209915161,10.182799996982794,122.1279296875,244.255859375,0.0,0.0,254.4386593719828,254.4386593719828,0,0
C:\Users\zx\Desktop\scenario2_pose_lab\scenario2_pose_lab\tiny-Kinetics-400\applauding\0nd-Gc3HkmU_000019_000029.mp4,applauding,0,0.0,4.677316293929713,testifying,testifying,0.10897708684206009,9.992500003136229,92.7958984375,185.591796875,0.0,0.0,195.58429687813623,195.58429687813623,0,0
C:\Users\zx\Desktop\scenario2_pose_lab\scenario2_pose_lab\tiny-Kinetics-400\applauding\0Tq8uFakTbk_000000_000010.mp4,applauding,0,0.0,6.006,marching,marching,0.4915425479412079,9.386699995957315,140.6826171875,281.365234375,0.0,0.0,290.7519343709573,290.7519343709573,0,0
C:\Users\zx\Desktop\scenario2_pose_lab\scenario2_pose_lab\tiny-Kinetics-400\applauding\0Tq8uFakTbk_000000_000010.mp4,applauding,1,0.26693333333333336,6.2729333333333335,marching,marching,0.3320789039134979,8.641599997645244,139.892578125,279.78515625,0.0,0.0,290.7519343709573,288.42675624764524,0,0
C:\Users\zx\Desktop\scenario2_pose_lab\scenario2_pose_lab\tiny-Kinetics-400\applauding\0Tq8uFakTbk_000000_000010.mp4,applauding,2,0.5338666666666667,6.539866666666667,marching,marching,0.38174259662628174,9.130200000072364,138.6240234375,277.248046875,0.0,0.0,290.7519343709573,286.37824687507236,0,0
C:\Users\zx\Desktop\scenario2_pose_lab\scenario2_pose_lab\tiny-Kinetics-400\applauding\0Tq8uFakTbk_000000_000010.mp4,applauding,3,0.8008000000000001,6.8068,marching,marching,0.4616185128688812,8.764199999859557,137.5380859375,275.076171875,0.0,0.0,290.7519343709573,283.84037187485956,0,0
C:\Users\zx\Desktop\scenario2_pose_lab\scenario2_pose_lab\tiny-Kinetics-400\applauding\0Tq8uFakTbk_000000_000010.mp4,applauding,4,1.0677333333333334,7.073733333333333,marching,marching,0.3687528073787689,8.446500003628898,137.1484375,274.296875,0.0,0.0,290.7519343709573,282.7433750036289,0,0
C:\Users\zx\Desktop\scenario2_pose_lab\scenario2_pose_lab\tiny-Kinetics-400\applauding\0Tq8uFakTbk_000000_000010.mp4,applauding,5,1.3346666666666667,7.3406666666666665,marching,marching,0.37619659304618835,8.33960000454681,136.373046875,272.74609375,0.0,0.0,290.7519343709573,281.0856937545468,0,0
C:\Users\zx\Desktop\scenario2_pose_lab\scenario2_pose_lab\tiny-Kinetics-400\applauding\0Tq8uFakTbk_000000_000010.mp4,applauding,6,1.6016000000000001,7.6076,marching,marching,0.3898823857307434,8.338499996170867,135.6513671875,271.302734375,0.0,0.0,290.7519343709573,279.64123437117087,0,0
C:\Users\zx\Desktop\scenario2_pose_lab\scenario2_pose_lab\tiny-Kinetics-400\applauding\0Tq8uFakTbk_000000_000010.mp4,applauding,7,1.8685333333333334,7.874533333333334,marching,marching,0.4646618962287903,8.650899995700456,135.419921875,270.83984375,0.0,0.0,290.7519343709573,279.49074374570046,0,0
C:\Users\zx\Desktop\scenario2_pose_lab\scenario2_pose_lab\tiny-Kinetics-400\applauding\0Tq8uFakTbk_000000_000010.mp4,applauding,8,2.135466666666667,8.141466666666666,marching,marching,0.3946800231933594,8.7340000027325,134.501953125,269.00390625,0.0,0.0,290.7519343709573,277.7379062527325,0,0
C:\Users\zx\Desktop\scenario2_pose_lab\scenario2_pose_lab\tiny-Kinetics-400\applauding\0Tq8uFakTbk_000000_000010.mp4,applauding,9,2.4024,8.4084,applauding,applauding,0.3380250036716461,9.098499998799525,133.8095703125,267.619140625,0.0,0.0,290.7519343709573,276.7176406237995,0,1
C:\Users\zx\Desktop\scenario2_pose_lab\scenario2_pose_lab\tiny-Kinetics-400\applauding\0Tq8uFakTbk_000000_000010.mp4,applauding,10,2.6693333333333333,8.675333333333333,marching,marching,0.37923237681388855,10.621100002026651,133.6826171875,267.365234375,0.0,0.0,290.7519343709573,277.98633437702665,0,0
C:\Users\zx\Desktop\scenario2_pose_lab\scenario2_pose_lab\tiny-Kinetics-400\applauding\0Tq8uFakTbk_000000_000010.mp4,applauding,11,2.9362666666666666,8.942266666666667,applauding,applauding,0.35644787549972534,10.750399997050408,132.978515625,265.95703125,0.0,0.0,290.7519343709573,276.7074312470504,0,1
C:\Users\zx\Desktop\scenario2_pose_lab\scenario2_pose_lab\tiny-Kinetics-400\applauding\0Tq8uFakTbk_000000_000010.mp4,applauding,12,3.2032000000000003,9.209200000000001,applauding,applauding,0.42801958322525024,10.372600001574028,132.5419921875,265.083984375,0.0,0.0,290.7519343709573,275.456584376574,0,1
C:\Users\zx\Desktop\scenario2_pose_lab\scenario2_pose_lab\tiny-Kinetics-400\applauding\0Tq8uFakTbk_000000_000010.mp4,applauding,13,3.4701333333333335,9.476133333333333,applauding,applauding,0.38725945353507996,8.764199999859557,132.40234375,264.8046875,0.0,0.0,290.7519343709573,273.56888749985956,0,1
C:\Users\zx\Desktop\scenario2_pose_lab\scenario2_pose_lab\tiny-Kinetics-400\applauding\_LHpfh0rXjk_000012_000022.mp4,applauding,0,0.0,7.277978339350181,auctioning,auctioning,0.4172044098377228,9.857700002612546,113.056640625,226.11328125,0.0,0.0,235.97098125261255,235.97098125261255,0,0
C:\Users\zx\Desktop\scenario2_pose_lab\scenario2_pose_lab\tiny-Kinetics-400\applying_cream\-PBcrI7pXUM_000024_000034.mp4,applying cream,0,0.0,7.2,applying cream,applying cream,0.48158976435661316,9.420900001714472,70.7783203125,141.556640625,0.0,0.0,150.97754062671447,150.97754062671447,0,1
C:\Users\zx\Desktop\scenario2_pose_lab\scenario2_pose_lab\tiny-Kinetics-400\applying_cream\_-mM9e_yGog_000067_000077.mp4,applying cream,0,0.0,6.0,massaging back,massaging back,0.6142796874046326,11.422199997468852,103.8603515625,207.720703125,0.0,0.0,219.14290312246885,219.14290312246885,0,0
C:\Users\zx\Desktop\scenario2_pose_lab\scenario2_pose_lab\tiny-Kinetics-400\applying_cream\_-mM9e_yGog_000067_000077.mp4,applying cream,1,0.26666666666666666,6.266666666666667,massaging back,massaging back,0.46025440096855164,10.320499997760635,101.7021484375,203.404296875,0.0,0.0,219.14290312246885,213.72479687276063,0,0
C:\Users\zx\Desktop\scenario2_pose_lab\scenario2_pose_lab\tiny-Kinetics-400\applying_cream\_-mM9e_yGog_000067_000077.mp4,applying cream,2,0.5333333333333333,6.533333333333333,baby waking up,baby waking up,0.23419269919395447,10.198900003160816,99.0810546875,198.162109375,0.0,0.0,219.14290312246885,208.36100937816082,0,0
C:\Users\zx\Desktop\scenario2_pose_lab\scenario2_pose_lab\tiny-Kinetics-400\applying_cream\_-mM9e_yGog_000067_000077.mp4,applying cream,3,0.8,6.8,massaging back,massaging back,0.628324568271637,8.555199994589202,97.279296875,194.55859375,0.0,0.0,219.14290312246885,203.1137937445892,0,0
C:\Users\zx\Desktop\scenario2_pose_lab\scenario2_pose_lab\tiny-Kinetics-400\applying_cream\_-mM9e_yGog_000067_000077.mp4,applying cream,4,1.0666666666666667,7.066666666666666,massaging back,massaging back,0.6039078831672668,8.406299995840527,94.9267578125,189.853515625,0.0,0.0,219.14290312246885,198.25981562084053,0,0
C:\Users\zx\Desktop\scenario2_pose_lab\scenario2_pose_lab\tiny-Kinetics-400\applying_cream\_-mM9e_yGog_000067_000077.mp4,applying cream,5,1.3333333333333333,7.333333333333333,massaging back,massaging back,0.29576539993286133,9.797500002605375,91.97265625,183.9453125,0.0,0.0,219.14290312246885,193.74281250260537,0,0
C:\Users\zx\Desktop\scenario2_pose_lab\scenario2_pose_lab\tiny-Kinetics-400\applying_cream\_-mM9e_yGog_000067_000077.mp4,applying cream,6,1.6,7.6,massaging back,massaging back,0.636390209197998,9.070200001588091,90.0859375,180.171875,0.0,0.0,219.14290312246885,189.2420750015881,0,0
C:\Users\zx\Desktop\scenario2_pose_lab\scenario2_pose_lab\tiny-Kinetics-400\applying_cream\_-mM9e_yGog_000067_000077.mp4,applying cream,7,1.8666666666666667,7.866666666666666,massaging back,massaging back,0.5534296035766602,9.727100004965905,87.8798828125,175.759765625,0.0,0.0,219.14290312246885,185.4868656299659,0,0
C:\Users\zx\Desktop\scenario2_pose_lab\scenario2_pose_lab\tiny-Kinetics-400\applying_cream\_-mM9e_yGog_000067_000077.mp4,applying cream,8,2.1333333333333333,8.133333333333333,massaging back,massaging back,0.24055516719818115,10.066500006360002,85.099609375,170.19921875,0.0,0.0,219.14290312246885,180.26571875636,0,0
C:\Users\zx\Desktop\scenario2_pose_lab\scenario2_pose_lab\tiny-Kinetics-400\applying_cream\_-mM9e_yGog_000067_000077.mp4,applying cream,9,2.4,8.4,massaging back,massaging back,0.43645110726356506,10.874500003410503,83.9521484375,167.904296875,0.0,0.0,219.14290312246885,178.7787968784105,0,0
C:\Users\zx\Desktop\scenario2_pose_lab\scenario2_pose_lab\tiny-Kinetics-400\applying_cream\_-mM9e_yGog_000067_000077.mp4,applying cream,10,2.6666666666666665,8.666666666666666,massaging back,massaging back,0.5176566243171692,10.826799996721093,83.3681640625,166.736328125,0.0,0.0,219.14290312246885,177.5631281217211,0,0
C:\Users\zx\Desktop\scenario2_pose_lab\scenario2_pose_lab\tiny-Kinetics-400\applying_cream\_-mM9e_yGog_000067_000077.mp4,applying cream,11,2.933333333333333,8.933333333333334,baby waking up,baby waking up,0.20587515830993652,9.006399995996617,83.849609375,167.69921875,0.0,0.0,219.14290312246885,176.70561874599662,0,0
C:\Users\zx\Desktop\scenario2_pose_lab\scenario2_pose_lab\tiny-Kinetics-400\applying_cream\_-mM9e_yGog_000067_000077.mp4,applying cream,12,3.2,9.2,massaging back,massaging back,0.21994051337242126,8.782400000200141,84.8857421875,169.771484375,0.0,0.0,219.14290312246885,178.55388437520014,0,0
C:\Users\zx\Desktop\scenario2_pose_lab\scenario2_pose_lab\tiny-Kinetics-400\applying_cream\_-mM9e_yGog_000067_000077.mp4,applying cream,13,3.466666666666667,9.466666666666667,massaging back,massaging back,0.3436388671398163,10.493199995835312,84.5869140625,169.173828125,0.0,0.0,219.14290312246885,179.6670281208353,0,0
C:\Users\zx\Desktop\scenario2_pose_lab\scenario2_pose_lab\tiny-Kinetics-400\applying_cream\_SUw41KlPBE_000102_000112.mp4,applying cream,0,0.0,6.006,applying cream,applying cream,0.9793212413787842,9.647000006225426,93.685546875,187.37109375,0.0,0.0,197.01809375622543,197.01809375622543,0,1
C:\Users\zx\Desktop\scenario2_pose_lab\scenario2_pose_lab\tiny-Kinetics-400\applying_cream\_SUw41KlPBE_000102_000112.mp4,applying cream,1,0.26693333333333336,6.2729333333333335,applying cream,applying cream,0.9698659181594849,9.553500000038184,93.60546875,187.2109375,0.0,0.0,197.01809375622543,196.76443750003818,0,1
C:\Users\zx\Desktop\scenario2_pose_lab\scenario2_pose_lab\tiny-Kinetics-400\applying_cream\_SUw41KlPBE_000102_000112.mp4,applying cream,2,0.5338666666666667,6.539866666666667,applying cream,applying cream,0.9778984785079956,9.881799996946938,93.2734375,186.546875,0.0,0.0,197.01809375622543,196.42867499694694,0,1
C:\Users\zx\Desktop\scenario2_pose_lab\scenario2_pose_lab\tiny-Kinetics-400\applying_cream\_SUw41KlPBE_000102_000112.mp4,applying cream,3,0.8008000000000001,6.8068,applying cream,applying cream,0.9843036532402039,10.608500000671484,93.310546875,186.62109375,0.0,0.0,197.01809375622543,197.22959375067148,0,1
C:\Users\zx\Desktop\scenario2_pose_lab\scenario2_pose_lab\tiny-Kinetics-400\applying_cream\_SUw41KlPBE_000102_000112.mp4,applying cream,4,1.0677333333333334,7.073733333333333,applying cream,applying cream,0.9696318507194519,10.926800001470838,93.31640625,186.6328125,0.0,0.0,197.01809375622543,197.55961250147084,0,1
C:\Users\zx\Desktop\scenario2_pose_lab\scenario2_pose_lab\tiny-Kinetics-400\applying_cream\_SUw41KlPBE_000102_000112.mp4,applying cream,5,1.3346666666666667,7.3406666666666665,applying cream,applying cream,0.9873282313346863,10.54419999854872,93.759765625,187.51953125,0.0,0.0,197.01809375622543,198.06373124854872,0,1
C:\Users\zx\Desktop\scenario2_pose_lab\scenario2_pose_lab\tiny-Kinetics-400\applying_cream\_SUw41KlPBE_000102_000112.mp4,applying cream,6,1.6016000000000001,7.6076,applying cream,applying cream,0.9881662130355835,11.077399998612236,93.71484375,187.4296875,0.0,0.0,197.01809375622543,198.50708749861224,0,1
C:\Users\zx\Desktop\scenario2_pose_lab\scenario2_pose_lab\tiny-Kinetics-400\applying_cream\_SUw41KlPBE_000102_000112.mp4,applying cream,7,1.8685333333333334,7.874533333333334,,,0.0,,93.4375,186.875,0.0,0.0,,,1,0
C:\Users\zx\Desktop\scenario2_pose_lab\scenario2_pose_lab\tiny-Kinetics-400\applying_cream\_SUw41KlPBE_000102_000112.mp4,applying cream,8,2.135466666666667,8.141466666666666,applying cream,applying cream,0.9888610243797302,11.099600000306964,93.5087890625,187.017578125,0.0,0.0,197.01809375622543,198.11717812530696,0,1
C:\Users\zx\Desktop\scenario2_pose_lab\scenario2_pose_lab\tiny-Kinetics-400\applying_cream\_SUw41KlPBE_000102_000112.mp4,applying cream,9,2.4024,8.4084,applying cream,applying cream,0.9931142926216125,9.568100002070423,93.3525390625,186.705078125,0.0,0.0,197.01809375622543,196.27317812707042,0,1
C:\Users\zx\Desktop\scenario2_pose_lab\scenario2_pose_lab\tiny-Kinetics-400\applying_cream\_SUw41KlPBE_000102_000112.mp4,applying cream,10,2.6693333333333333,8.675333333333333,applying cream,applying cream,0.9903987646102905,9.613399997761007,93.0791015625,186.158203125,0.0,0.0,197.01809375622543,195.771603122761,0,1
C:\Users\zx\Desktop\scenario2_pose_lab\scenario2_pose_lab\tiny-Kinetics-400\applying_cream\_SUw41KlPBE_000102_000112.mp4,applying cream,11,2.9362666666666666,8.942266666666667,applying cream,applying cream,0.9915276169776917,9.63919999776408,93.44140625,186.8828125,0.0,0.0,197.01809375622543,196.52201249776408,0,1
C:\Users\zx\Desktop\scenario2_pose_lab\scenario2_pose_lab\tiny-Kinetics-400\applying_cream\_SUw41KlPBE_000102_000112.mp4,applying cream,12,3.2032000000000003,9.209200000000001,applying cream,applying cream,0.9964237809181213,11.054399998101871,93.2041015625,186.408203125,0.0,0.0,197.01809375622543,197.46260312310187,0,1
C:\Users\zx\Desktop\scenario2_pose_lab\scenario2_pose_lab\tiny-Kinetics-400\applying_cream\_SUw41KlPBE_000102_000112.mp4,applying cream,13,3.4701333333333335,9.476133333333333,applying cream,applying cream,0.9957168698310852,15.343799997936003,92.7265625,185.453125,0.0,0.0,197.01809375622543,200.796924997936,0,1
C:\Users\zx\Desktop\scenario2_pose_lab\scenario2_pose_lab\tiny-Kinetics-400\archery\_7cIhg_uLmQ_000107_000117.mp4,archery,0,0.0,6.006,archery,archery,0.757399320602417,9.717600005387794,195.0205078125,390.041015625,0.0,0.0,399.7586156303878,399.7586156303878,0,1
C:\Users\zx\Desktop\scenario2_pose_lab\scenario2_pose_lab\tiny-Kinetics-400\archery\_7cIhg_uLmQ_000107_000117.mp4,archery,1,0.26693333333333336,6.2729333333333335,archery,archery,0.5183500051498413,12.38730000477517,193.7607421875,387.521484375,0.0,0.0,399.7586156303878,399.90878437977517,0,1
C:\Users\zx\Desktop\scenario2_pose_lab\scenario2_pose_lab\tiny-Kinetics-400\archery\_7cIhg_uLmQ_000107_000117.mp4,archery,2,0.5338666666666667,6.539866666666667,archery,archery,0.6922013163566589,10.71560000127647,193.138671875,386.27734375,0.0,0.0,399.7586156303878,396.99294375127647,0,1
C:\Users\zx\Desktop\scenario2_pose_lab\scenario2_pose_lab\tiny-Kinetics-400\archery\_7cIhg_uLmQ_000107_000117.mp4,archery,3,0.8008000000000001,6.8068,archery,archery,0.652445912361145,9.258100006263703,192.853515625,385.70703125,0.0,0.0,399.7586156303878,394.9651312562637,0,1
C:\Users\zx\Desktop\scenario2_pose_lab\scenario2_pose_lab\tiny-Kinetics-400\archery\_7cIhg_uLmQ_000107_000117.mp4,archery,4,1.0677333333333334,7.073733333333333,archery,archery,0.44558244943618774,10.789400002977345,190.33203125,380.6640625,0.0,0.0,399.7586156303878,391.45346250297735,0,1
C:\Users\zx\Desktop\scenario2_pose_lab\scenario2_pose_lab\tiny-Kinetics-400\archery\_7cIhg_uLmQ_000107_000117.mp4,archery,5,1.3346666666666667,7.3406666666666665,archery,archery,0.5538352727890015,9.298799996031448,190.8525390625,381.705078125,0.0,0.0,399.7586156303878,391.00387812103145,0,1
C:\Users\zx\Desktop\scenario2_pose_lab\scenario2_pose_lab\tiny-Kinetics-400\archery\_7cIhg_uLmQ_000107_000117.mp4,archery,6,1.6016000000000001,7.6076,archery,archery,0.5105946660041809,10.737099997641053,190.353515625,380.70703125,0.0,0.0,399.7586156303878,391.44413124764105,0,1
C:\Users\zx\Desktop\scenario2_pose_lab\scenario2_pose_lab\tiny-Kinetics-400\archery\_7cIhg_uLmQ_000107_000117.mp4,archery,7,1.8685333333333334,7.874533333333334,archery,archery,0.4903704822063446,10.40369999827817,188.052734375,376.10546875,0.0,0.0,399.7586156303878,386.50916874827817,0,1
C:\Users\zx\Desktop\scenario2_pose_lab\scenario2_pose_lab\tiny-Kinetics-400\archery\_7cIhg_uLmQ_000107_000117.mp4,archery,8,2.135466666666667,8.141466666666666,archery,archery,0.6035948991775513,11.917800002265722,188.8671875,377.734375,0.0,0.0,399.7586156303878,389.6521750022657,0,1
C:\Users\zx\Desktop\scenario2_pose_lab\scenario2_pose_lab\tiny-Kinetics-400\archery\_7cIhg_uLmQ_000107_000117.mp4,archery,9,2.4024,8.4084,archery,archery,0.5970721244812012,12.07309999881545,188.1943359375,376.388671875,0.0,0.0,399.7586156303878,388.46177187381545,0,1
C:\Users\zx\Desktop\scenario2_pose_lab\scenario2_pose_lab\tiny-Kinetics-400\archery\_7cIhg_uLmQ_000107_000117.mp4,archery,10,2.6693333333333333,8.675333333333333,archery,archery,0.5711601376533508,9.691399995062966,185.7626953125,371.525390625,0.0,0.0,399.7586156303878,381.21679062006297,0,1
C:\Users\zx\Desktop\scenario2_pose_lab\scenario2_pose_lab\tiny-Kinetics-400\archery\_7cIhg_uLmQ_000107_000117.mp4,archery,11,2.9362666666666666,8.942266666666667,archery,archery,0.6761442422866821,8.930200005124789,186.8837890625,373.767578125,0.0,0.0,399.7586156303878,382.6977781301248,0,1
C:\Users\zx\Desktop\scenario2_pose_lab\scenario2_pose_lab\tiny-Kinetics-400\archery\_7cIhg_uLmQ_000107_000117.mp4,archery,12,3.2032000000000003,9.209200000000001,archery,archery,0.6330404877662659,8.823099997243844,186.0419921875,372.083984375,0.0,0.0,399.7586156303878,380.90708437224384,0,1
C:\Users\zx\Desktop\scenario2_pose_lab\scenario2_pose_lab\tiny-Kinetics-400\archery\_7cIhg_uLmQ_000107_000117.mp4,archery,13,3.4701333333333335,9.476133333333333,archery,archery,0.7407569885253906,9.043300000485033,179.46875,358.9375,0.0,0.0,399.7586156303878,367.98080000048503,0,1
C:\Users\zx\Desktop\scenario2_pose_lab\scenario2_pose_lab\tiny-Kinetics-400\archery\_Buw5qNQZto_000030_000040.mp4,archery,0,0.0,7.2,throwing axe,throwing axe,0.5033522844314575,8.946499998273794,152.4560546875,304.912109375,0.0,0.0,313.8586093732738,313.8586093732738,0,0
C:\Users\zx\Desktop\scenario2_pose_lab\scenario2_pose_lab\tiny-Kinetics-400\archery\_Buw5qNQZto_000030_000040.mp4,archery,1,0.32,7.52,archery,archery,0.4844799339771271,9.543699998175725,153.302734375,306.60546875,0.0,0.0,313.8586093732738,316.1491687481757,0,1
C:\Users\zx\Desktop\scenario2_pose_lab\scenario2_pose_lab\tiny-Kinetics-400\archery\_Buw5qNQZto_000030_000040.mp4,archery,2,0.64,7.84,archery,archery,0.6868574619293213,10.942900000372902,153.09375,306.1875,0.0,0.0,313.8586093732738,317.1304000003729,0,1
C:\Users\zx\Desktop\scenario2_pose_lab\scenario2_pose_lab\tiny-Kinetics-400\archery\_Buw5qNQZto_000030_000040.mp4,archery,3,0.96,8.16,archery,archery,0.616887092590332,9.077299997443333,152.166015625,304.33203125,0.0,0.0,313.8586093732738,313.40933124744333,0,1
C:\Users\zx\Desktop\scenario2_pose_lab\scenario2_pose_lab\tiny-Kinetics-400\archery\_Buw5qNQZto_000030_000040.mp4,archery,4,1.28,8.48,archery,archery,0.47943082451820374,11.526800000865478,153.1669921875,306.333984375,0.0,0.0,313.8586093732738,317.8607843758655,0,1
C:\Users\zx\Desktop\scenario2_pose_lab\scenario2_pose_lab\tiny-Kinetics-400\archery\_Buw5qNQZto_000030_000040.mp4,archery,5,1.6,8.8,archery,archery,0.7130471467971802,9.230199997546151,152.5087890625,305.017578125,0.0,0.0,313.8586093732738,314.24777812254615,0,1
C:\Users\zx\Desktop\scenario2_pose_lab\scenario2_pose_lab\tiny-Kinetics-400\archery\_Buw5qNQZto_000030_000040.mp4,archery,6,1.92,9.12,archery,archery,0.7161909341812134,9.46980000298936,151.8466796875,303.693359375,0.0,0.0,313.8586093732738,313.16315937798936,0,1
C:\Users\zx\Desktop\scenario2_pose_lab\scenario2_pose_lab\tiny-Kinetics-400\archery\_Buw5qNQZto_000030_000040.mp4,archery,7,2.24,9.44,archery,archery,0.49304455518722534,15.137299997149967,153.23828125,306.4765625,0.0,0.0,313.8586093732738,321.61386249714997,0,1
C:\Users\zx\Desktop\scenario2_pose_lab\scenario2_pose_lab\tiny-Kinetics-400\archery\_ceSzRc_kEQ_000009_000019.mp4,archery,0,0.0,6.206896551724138,riding or walking with horse,riding or walking with horse,0.9764133095741272,9.98260000051232,130.0224609375,260.044921875,0.0,0.0,270.0275218755123,270.0275218755123,0,0
C:\Users\zx\Desktop\scenario2_pose_lab\scenario2_pose_lab\tiny-Kinetics-400\archery\_ceSzRc_kEQ_000009_000019.mp4,archery,1,0.27586206896551724,6.482758620689655,riding or walking with horse,riding or walking with horse,0.9779986143112183,9.650299994973466,128.642578125,257.28515625,0.0,0.0,270.0275218755123,266.93545624497347,0,0
C:\Users\zx\Desktop\scenario2_pose_lab\scenario2_pose_lab\tiny-Kinetics-400\archery\_ceSzRc_kEQ_000009_000019.mp4,archery,2,0.5517241379310345,6.758620689655173,riding or walking with horse,riding or walking with horse,0.9721818566322327,8.96189999912167,126.5478515625,253.09570312500003,0.0,0.0,270.0275218755123,262.05760312412167,0,0
C:\Users\zx\Desktop\scenario2_pose_lab\scenario2_pose_lab\tiny-Kinetics-400\archery\_ceSzRc_kEQ_000009_000019.mp4,archery,3,0.8275862068965517,7.0344827586206895,riding or walking with horse,riding or walking with horse,0.9697926044464111,9.110000006330665,124.890625,249.78125,0.0,0.0,270.0275218755123,258.89125000633067,0,0
C:\Users\zx\Desktop\scenario2_pose_lab\scenario2_pose_lab\tiny-Kinetics-400\archery\_ceSzRc_kEQ_000009_000019.mp4,archery,4,1.103448275862069,7.310344827586207,riding or walking with horse,riding or walking with horse,0.9711089134216309,9.680700000899378,123.66796875,247.3359375,0.0,0.0,270.0275218755123,257.0166375008994,0,0
C:\Users\zx\Desktop\scenario2_pose_lab\scenario2_pose_lab\tiny-Kinetics-400\archery\_ceSzRc_kEQ_000009_000019.mp4,archery,5,1.3793103448275863,7.586206896551724,riding or walking with horse,riding or walking with horse,0.9383350014686584,10.617700005241204,122.4697265625,244.939453125,0.0,0.0,270.0275218755123,255.5571531302412,0,0
C:\Users\zx\Desktop\scenario2_pose_lab\scenario2_pose_lab\tiny-Kinetics-400\archery\_ceSzRc_kEQ_000009_000019.mp4,archery,6,1.6551724137931034,7.862068965517241,riding or walking with horse,riding or walking with horse,0.9280173778533936,9.972200001357123,121.3330078125,242.666015625,0.0,0.0,270.0275218755123,252.63821562635712,0,0
C:\Users\zx\Desktop\scenario2_pose_lab\scenario2_pose_lab\tiny-Kinetics-400\archery\_ceSzRc_kEQ_000009_000019.mp4,archery,7,1.9310344827586208,8.137931034482758,riding or walking with horse,riding or walking with horse,0.9177054762840271,9.640000003855675,120.8349609375,241.669921875,0.0,0.0,270.0275218755123,251.30992187885568,0,0
C:\Users\zx\Desktop\scenario2_pose_lab\scenario2_pose_lab\tiny-Kinetics-400\archery\_ceSzRc_kEQ_000009_000019.mp4,archery,8,2.206896551724138,8.413793103448276,riding or walking with horse,riding or walking with horse,0.8408079147338867,10.636999999405816,120.7158203125,241.431640625,0.0,0.0,270.0275218755123,252.06864062440582,0,0
C:\Users\zx\Desktop\scenario2_pose_lab\scenario2_pose_lab\tiny-Kinetics-400\archery\_ceSzRc_kEQ_000009_000019.mp4,archery,9,2.4827586206896552,8.689655172413794,riding or walking with horse,riding or walking with horse,0.71156907081604,9.36849999561673,120.3203125,240.640625,0.0,0.0,270.0275218755123,250.00912499561673,0,0
C:\Users\zx\Desktop\scenario2_pose_lab\scenario2_pose_lab\tiny-Kinetics-400\archery\_ceSzRc_kEQ_000009_000019.mp4,archery,10,2.7586206896551726,8.96551724137931,riding or walking with horse,riding or walking with horse,0.6900851130485535,8.678300000610761,120.376953125,240.75390625,0.0,0.0,270.0275218755123,249.43220625061076,0,0
C:\Users\zx\Desktop\scenario2_pose_lab\scenario2_pose_lab\tiny-Kinetics-400\archery\_ceSzRc_kEQ_000009_000019.mp4,archery,11,3.0344827586206895,9.241379310344827,riding or walking with horse,riding or walking with horse,0.5055065751075745,8.649800001876429,119.8662109375,239.732421875,0.0,0.0,270.0275218755123,248.38222187687643,0,0
C:\Users\zx\Desktop\scenario2_pose_lab\scenario2_pose_lab\tiny-Kinetics-400\archery\_ceSzRc_kEQ_000009_000019.mp4,archery,12,3.310344827586207,9.517241379310345,riding or walking with horse,riding or walking with horse,0.277125746011734,8.43709999753628,118.4169921875,236.833984375,0.0,0.0,270.0275218755123,245.27108437253628,0,0
C:\Users\zx\Desktop\scenario2_pose_lab\scenario2_pose_lab\tiny-Kinetics-400\arm_wrestling\_6xcGAdO8Jk_000011_000021.mp4,arm wrestling,0,0.0,7.6,arm wrestling,arm wrestling,0.9999974966049194,9.234500001184642,116.4296875,232.859375,0.0,0.0,242.09387500118464,242.09387500118464,0,1
C:\Users\zx\Desktop\scenario2_pose_lab\scenario2_pose_lab\tiny-Kinetics-400\arm_wrestling\_hwI3fEVXr8_000000_000010.mp4,arm wrestling,0,0.0,6.000200006666889,arm wrestling,arm wrestling,1.0,9.571299997332972,150.6220703125,301.244140625,0.0,0.0,310.81544062233297,310.81544062233297,0,1
C:\Users\zx\Desktop\scenario2_pose_lab\scenario2_pose_lab\tiny-Kinetics-400\arm_wrestling\_hwI3fEVXr8_000000_000010.mp4,arm wrestling,1,0.26667555585186176,6.26687556251875,arm wrestling,arm wrestling,0.9999998807907104,8.912500001315493,150.685546875,301.37109375,0.0,0.0,310.81544062233297,310.2835937513155,0,1
C:\Users\zx\Desktop\scenario2_pose_lab\scenario2_pose_lab\tiny-Kinetics-400\arm_wrestling\_hwI3fEVXr8_000000_000010.mp4,arm wrestling,2,0.5333511117037235,6.533551118370613,arm wrestling,arm wrestling,0.9999998807907104,8.987699999124743,150.8916015625,301.783203125,0.0,0.0,310.81544062233297,310.77090312412474,0,1
C:\Users\zx\Desktop\scenario2_pose_lab\scenario2_pose_lab\tiny-Kinetics-400\arm_wrestling\_hwI3fEVXr8_000000_000010.mp4,arm wrestling,3,0.8000266675555853,6.800226674222475,arm wrestling,arm wrestling,0.9999998807907104,8.89620000089053,150.9150390625,301.830078125,0.0,0.0,310.81544062233297,310.72627812589053,0,1
C:\Users\zx\Desktop\scenario2_pose_lab\scenario2_pose_lab\tiny-Kinetics-400\arm_wrestling\_hwI3fEVXr8_000000_000010.mp4,arm wrestling,4,1.066702223407447,7.066902230074336,arm wrestling,arm wrestling,0.9999997615814209,8.522900003299583,150.916015625,301.83203125,0.0,0.0,310.81544062233297,310.3549312532996,0,1
C:\Users\zx\Desktop\scenario2_pose_lab\scenario2_pose_lab\tiny-Kinetics-400\arm_wrestling\_hwI3fEVXr8_000000_000010.mp4,arm wrestling,5,1.3333777792593087,7.333577785926198,arm wrestling,arm wrestling,0.9999998807907104,8.484600002702791,150.6640625,301.328125,0.0,0.0,310.81544062233297,309.8127250027028,0,1
C:\Users\zx\Desktop\scenario2_pose_lab\scenario2_pose_lab\tiny-Kinetics-400\arm_wrestling\_hwI3fEVXr8_000000_000010.mp4,arm wrestling,6,1.6000533351111705,7.60025334177806,arm wrestling,arm wrestling,0.9999998807907104,8.825999997498002,150.86328125,301.7265625,0.0,0.0,310.81544062233297,310.552562497498,0,1
C:\Users\zx\Desktop\scenario2_pose_lab\scenario2_pose_lab\tiny-Kinetics-400\arm_wrestling\_hwI3fEVXr8_000000_000010.mp4,arm wrestling,7,1.8667288909630322,7.866928897629921,arm wrestling,arm wrestling,1.0,9.707899997010827,150.5439453125,301.087890625,0.0,0.0,310.81544062233297,310.7957906220108,0,1
C:\Users\zx\Desktop\scenario2_pose_lab\scenario2_pose_lab\tiny-Kinetics-400\arm_wrestling\_hwI3fEVXr8_000000_000010.mp4,arm wrestling,8,2.133404446814894,8.133604453481784,arm wrestling,arm wrestling,1.0,8.769000000029337,150.544921875,301.08984375,0.0,0.0,310.81544062233297,309.85884375002934,0,1
C:\Users\zx\Desktop\scenario2_pose_lab\scenario2_pose_lab\tiny-Kinetics-400\arm_wrestling\_hwI3fEVXr8_000000_000010.mp4,arm wrestling,9,2.4000800026667557,8.400280009333645,arm wrestling,arm wrestling,1.0,8.990000002086163,150.90234375,301.8046875,0.0,0.0,310.81544062233297,310.79468750208616,0,1
C:\Users\zx\Desktop\scenario2_pose_lab\scenario2_pose_lab\tiny-Kinetics-400\arm_wrestling\_hwI3fEVXr8_000000_000010.mp4,arm wrestling,10,2.6667555585186173,8.666955565185507,arm wrestling,arm wrestling,1.0,9.526100002403837,150.7080078125,301.416015625,0.0,0.0,310.81544062233297,310.94211562740384,0,1
C:\Users\zx\Desktop\scenario2_pose_lab\scenario2_pose_lab\tiny-Kinetics-400\arm_wrestling\_hwI3fEVXr8_000000_000010.mp4,arm wrestling,11,2.933431114370479,8.933631121037369,arm wrestling,arm wrestling,1.0,9.091199994145427,150.62109375,301.2421875,0.0,0.0,310.81544062233297,310.3333874941454,0,1
C:\Users\zx\Desktop\scenario2_pose_lab\scenario2_pose_lab\tiny-Kinetics-400\arm_wrestling\_hwI3fEVXr8_000000_000010.mp4,arm wrestling,12,3.200106670222341,9.20030667688923,arm wrestling,arm wrestling,1.0,9.097400004975498,150.7646484375,301.529296875,0.0,0.0,310.81544062233297,310.6266968799755,0,1
C:\Users\zx\Desktop\scenario2_pose_lab\scenario2_pose_lab\tiny-Kinetics-400\arm_wrestling\_hwI3fEVXr8_000000_000010.mp4,arm wrestling,13,3.4667822260742027,9.466982232741092,arm wrestling,arm wrestling,1.0,10.529599996516481,150.564453125,301.12890625,0.0,0.0,310.81544062233297,311.6585062465165,0,1
C:\Users\zx\Desktop\scenario2_pose_lab\scenario2_pose_lab\tiny-Kinetics-400\arm_wrestling\_Lg6oKsuP0o_000017_000027.mp4,arm wrestling,0,0.0,6.0,arm wrestling,arm wrestling,1.0,9.514700002910104,101.8525390625,203.705078125,0.0,0.0,213.2197781279101,213.2197781279101,0,1
C:\Users\zx\Desktop\scenario2_pose_lab\scenario2_pose_lab\tiny-Kinetics-400\arm_wrestling\_Lg6oKsuP0o_000017_000027.mp4,arm wrestling,1,0.26666666666666666,6.266666666666667,arm wrestling,arm wrestling,1.0,10.424299995065667,101.7119140625,203.423828125,0.0,0.0,213.2197781279101,213.84812812006567,0,1
C:\Users\zx\Desktop\scenario2_pose_lab\scenario2_pose_lab\tiny-Kinetics-400\arm_wrestling\_Lg6oKsuP0o_000017_000027.mp4,arm wrestling,2,0.5333333333333333,6.533333333333333,arm wrestling,arm wrestling,1.0,10.121399995114189,101.56640625,203.1328125,0.0,0.0,213.2197781279101,213.2542124951142,0,1
C:\Users\zx\Desktop\scenario2_pose_lab\scenario2_pose_lab\tiny-Kinetics-400\arm_wrestling\_Lg6oKsuP0o_000017_000027.mp4,arm wrestling,3,0.8,6.8,arm wrestling,arm wrestling,1.0,10.226899998087902,101.828125,203.65625,0.0,0.0,213.2197781279101,213.8831499980879,0,1
C:\Users\zx\Desktop\scenario2_pose_lab\scenario2_pose_lab\tiny-Kinetics-400\arm_wrestling\_Lg6oKsuP0o_000017_000027.mp4,arm wrestling,4,1.0666666666666667,7.066666666666666,arm wrestling,arm wrestling,1.0,8.95209999725921,101.9140625,203.828125,0.0,0.0,213.2197781279101,212.7802249972592,0,1
C:\Users\zx\Desktop\scenario2_pose_lab\scenario2_pose_lab\tiny-Kinetics-400\arm_wrestling\_Lg6oKsuP0o_000017_000027.mp4,arm wrestling,5,1.3333333333333333,7.333333333333333,arm wrestling,arm wrestling,1.0,9.223699998983648,101.5888671875,203.177734375,0.0,0.0,213.2197781279101,212.40143437398365,0,1
C:\Users\zx\Desktop\scenario2_pose_lab\scenario2_pose_lab\tiny-Kinetics-400\arm_wrestling\_Lg6oKsuP0o_000017_000027.mp4,arm wrestling,6,1.6,7.6,arm wrestling,arm wrestling,1.0,10.787599996547215,101.7314453125,203.462890625,0.0,0.0,213.2197781279101,214.25049062154721,0,1
C:\Users\zx\Desktop\scenario2_pose_lab\scenario2_pose_lab\tiny-Kinetics-400\arm_wrestling\_Lg6oKsuP0o_000017_000027.mp4,arm wrestling,7,1.8666666666666667,7.866666666666666,arm wrestling,arm wrestling,1.0,10.678299993742257,101.7158203125,203.431640625,0.0,0.0,213.2197781279101,214.10994061874226,0,1
C:\Users\zx\Desktop\scenario2_pose_lab\scenario2_pose_lab\tiny-Kinetics-400\arm_wrestling\_Lg6oKsuP0o_000017_000027.mp4,arm wrestling,8,2.1333333333333333,8.133333333333333,arm wrestling,arm wrestling,1.0,15.531599994574208,101.0283203125,202.056640625,0.0,0.0,213.2197781279101,217.5882406195742,0,1
C:\Users\zx\Desktop\scenario2_pose_lab\scenario2_pose_lab\tiny-Kinetics-400\arm_wrestling\_Lg6oKsuP0o_000017_000027.mp4,arm wrestling,9,2.4,8.4,arm wrestling,arm wrestling,1.0,9.079700001166202,100.845703125,201.69140625,0.0,0.0,213.2197781279101,210.7711062511662,0,1
C:\Users\zx\Desktop\scenario2_pose_lab\scenario2_pose_lab\tiny-Kinetics-400\arm_wrestling\_Lg6oKsuP0o_000017_000027.mp4,arm wrestling,10,2.6666666666666665,8.666666666666666,arm wrestling,arm wrestling,1.0,13.721499999519438,100.4833984375,200.966796875,0.0,0.0,213.2197781279101,214.68829687451944,0,1
C:\Users\zx\Desktop\scenario2_pose_lab\scenario2_pose_lab\tiny-Kinetics-400\arm_wrestling\_Lg6oKsuP0o_000017_000027.mp4,arm wrestling,11,2.933333333333333,8.933333333333334,arm wrestling,arm wrestling,1.0,10.240600000543054,99.6123046875,199.224609375,0.0,0.0,213.2197781279101,209.46520937554305,0,1
C:\Users\zx\Desktop\scenario2_pose_lab\scenario2_pose_lab\tiny-Kinetics-400\arm_wrestling\_Lg6oKsuP0o_000017_000027.mp4,arm wrestling,12,3.2,9.2,arm wrestling,arm wrestling,0.9999998807907104,10.168000000703614,99.4638671875,198.927734375,0.0,0.0,213.2197781279101,209.0957343757036,0,1
C:\Users\zx\Desktop\scenario2_pose_lab\scenario2_pose_lab\tiny-Kinetics-400\arm_wrestling\_Lg6oKsuP0o_000017_000027.mp4,arm wrestling,13,3.466666666666667,9.466666666666667,arm wrestling,arm wrestling,1.0,10.193800000706688,99.328125,198.65625,0.0,0.0,213.2197781279101,208.8500500007067,0,1
C:\Users\zx\Desktop\scenario2_pose_lab\scenario2_pose_lab\tiny-Kinetics-400\arranging_flowers\_-eEznKEJiM_000244_000254.mp4,arranging flowers,0,0.0,7.2,arranging flowers,arranging flowers,0.9997754693031311,9.60299999860581,109.8173828125,219.634765625,0.0,0.0,229.2377656236058,229.2377656236058,0,1
C:\Users\zx\Desktop\scenario2_pose_lab\scenario2_pose_lab\tiny-Kinetics-400\arranging_flowers\_-eEznKEJiM_000244_000254.mp4,arranging flowers,1,0.32,7.52,arranging flowers,arranging flowers,0.9994456171989441,10.77820000500651,108.7138671875,217.427734375,0.0,0.0,229.2377656236058,228.2059343800065,0,1
C:\Users\zx\Desktop\scenario2_pose_lab\scenario2_pose_lab\tiny-Kinetics-400\arranging_flowers\_-eEznKEJiM_000244_000254.mp4,arranging flowers,2,0.64,7.84,arranging flowers,arranging flowers,0.9999005794525146,8.6617999986629,107.98828125,215.9765625,0.0,0.0,229.2377656236058,224.6383624986629,0,1
C:\Users\zx\Desktop\scenario2_pose_lab\scenario2_pose_lab\tiny-Kinetics-400\arranging_flowers\_-eEznKEJiM_000244_000254.mp4,arranging flowers,3,0.96,8.16,arranging flowers,arranging flowers,0.9996471405029297,8.448100001260173,108.6220703125,217.244140625,0.0,0.0,229.2377656236058,225.69224062626017,0,1
C:\Users\zx\Desktop\scenario2_pose_lab\scenario2_pose_lab\tiny-Kinetics-400\arranging_flowers\_-eEznKEJiM_000244_000254.mp4,arranging flowers,4,1.28,8.48,arranging flowers,arranging flowers,0.9992369413375854,8.248500002082437,105.89453125,211.7890625,0.0,0.0,229.2377656236058,220.03756250208244,0,1
C:\Users\zx\Desktop\scenario2_pose_lab\scenario2_pose_lab\tiny-Kinetics-400\arranging_flowers\_-eEznKEJiM_000244_000254.mp4,arranging flowers,5,1.6,8.8,arranging flowers,arranging flowers,0.999846339225769,8.193100002245046,105.5927734375,211.185546875,0.0,0.0,229.2377656236058,219.37864687724505,0,1
C:\Users\zx\Desktop\scenario2_pose_lab\scenario2_pose_lab\tiny-Kinetics-400\arranging_flowers\_-eEznKEJiM_000244_000254.mp4,arranging flowers,6,1.92,9.12,arranging flowers,arranging flowers,0.9997751116752625,8.888100004696753,104.3076171875,208.615234375,0.0,0.0,229.2377656236058,217.50333437969675,0,1
C:\Users\zx\Desktop\scenario2_pose_lab\scenario2_pose_lab\tiny-Kinetics-400\arranging_flowers\_-eEznKEJiM_000244_000254.mp4,arranging flowers,7,2.24,9.44,arranging flowers,arranging flowers,0.999553382396698,9.23039999906905,104.0380859375,208.076171875,0.0,0.0,229.2377656236058,217.30657187406905,0,1
C:\Users\zx\Desktop\scenario2_pose_lab\scenario2_pose_lab\tiny-Kinetics-400\arranging_flowers\_3gsKrwe8Sg_000153_000163.mp4,arranging flowers,0,0.0,6.006,arranging flowers,arranging flowers,0.9250961542129517,9.606999999959953,134.1826171875,268.365234375,0.0,0.0,277.97223437495995,277.97223437495995,0,1
C:\Users\zx\Desktop\scenario2_pose_lab\scenario2_pose_lab\tiny-Kinetics-400\arranging_flowers\_3gsKrwe8Sg_000153_000163.mp4,arranging flowers,1,0.26693333333333336,6.2729333333333335,arranging flowers,arranging flowers,0.9470224976539612,9.222599997883663,135.244140625,270.48828125,0.0,0.0,277.97223437495995,279.71088124788366,0,1
C:\Users\zx\Desktop\scenario2_pose_lab\scenario2_pose_lab\tiny-Kinetics-400\arranging_flowers\_3gsKrwe8Sg_000153_000163.mp4,arranging flowers,2,0.5338666666666667,6.539866666666667,arranging flowers,arranging flowers,0.9655619263648987,8.802000003925059,136.33984375,272.6796875,0.0,0.0,277.97223437495995,281.48168750392506,0,1
C:\Users\zx\Desktop\scenario2_pose_lab\scenario2_pose_lab\tiny-Kinetics-400\arranging_flowers\_3gsKrwe8Sg_000153_000163.mp4,arranging flowers,3,0.8008000000000001,6.8068,arranging flowers,arranging flowers,0.9640552401542664,8.588899996539112,136.6201171875,273.240234375,0.0,0.0,277.97223437495995,281.8291343715391,0,1
C:\Users\zx\Desktop\scenario2_pose_lab\scenario2_pose_lab\tiny-Kinetics-400\arranging_flowers\_3gsKrwe8Sg_000153_000163.mp4,arranging flowers,4,1.0677333333333334,7.073733333333333,arranging flowers,arranging flowers,0.9726881980895996,8.38590000057593,137.771484375,275.54296875,0.0,0.0,277.97223437495995,283.92886875057593,0,1
C:\Users\zx\Desktop\scenario2_pose_lab\scenario2_pose_lab\tiny-Kinetics-400\arranging_flowers\_3gsKrwe8Sg_000153_000163.mp4,arranging flowers,5,1.3346666666666667,7.3406666666666665,arranging flowers,arranging flowers,0.9850009679794312,8.595700004661921,138.9248046875,277.849609375,0.0,0.0,277.97223437495995,286.4453093796619,0,1
C:\Users\zx\Desktop\scenario2_pose_lab\scenario2_pose_lab\tiny-Kinetics-400\arranging_flowers\_3gsKrwe8Sg_000153_000163.mp4,arranging flowers,6,1.6016000000000001,7.6076,arranging flowers,arranging flowers,0.9853510856628418,10.736600001109764,139.1767578125,278.353515625,0.0,0.0,277.97223437495995,289.09011562610976,0,1
C:\Users\zx\Desktop\scenario2_pose_lab\scenario2_pose_lab\tiny-Kinetics-400\arranging_flowers\_3gsKrwe8Sg_000153_000163.mp4,arranging flowers,7,1.8685333333333334,7.874533333333334,arranging flowers,arranging flowers,0.9921230673789978,9.098800001083873,140.2919921875,280.583984375,0.0,0.0,277.97223437495995,289.6827843760839,0,1
C:\Users\zx\Desktop\scenario2_pose_lab\scenario2_pose_lab\tiny-Kinetics-400\arranging_flowers\_3gsKrwe8Sg_000153_000163.mp4,arranging flowers,8,2.135466666666667,8.141466666666666,arranging flowers,arranging flowers,0.9954807758331299,8.340100001078099,141.3076171875,282.615234375,0.0,0.0,277.97223437495995,290.9553343760781,0,1
C:\Users\zx\Desktop\scenario2_pose_lab\scenario2_pose_lab\tiny-Kinetics-400\arranging_flowers\_3gsKrwe8Sg_000153_000163.mp4,arranging flowers,9,2.4024,8.4084,arranging flowers,arranging flowers,0.994021475315094,8.57930000347551,140.5986328125,281.197265625,0.0,0.0,277.97223437495995,289.7765656284755,0,1
C:\Users\zx\Desktop\scenario2_pose_lab\scenario2_pose_lab\tiny-Kinetics-400\arranging_flowers\_3gsKrwe8Sg_000153_000163.mp4,arranging flowers,10,2.6693333333333333,8.675333333333333,arranging flowers,arranging flowers,0.997421145439148,8.46330000058515,141.451171875,282.90234375,0.0,0.0,277.97223437495995,291.36564375058515,0,1
C:\Users\zx\Desktop\scenario2_pose_lab\scenario2_pose_lab\tiny-Kinetics-400\arranging_flowers\_3gsKrwe8Sg_000153_000163.mp4,arranging flowers,11,2.9362666666666666,8.942266666666667,arranging flowers,arranging flowers,0.9985814094543457,8.365000001504086,141.640625,283.28125,0.0,0.0,277.97223437495995,291.6462500015041,0,1
C:\Users\zx\Desktop\scenario2_pose_lab\scenario2_pose_lab\tiny-Kinetics-400\arranging_flowers\_3gsKrwe8Sg_000153_000163.mp4,arranging flowers,12,3.2032000000000003,9.209200000000001,arranging flowers,arranging flowers,0.9973541498184204,8.205399994039908,140.9404296875,281.880859375,0.0,0.0,277.97223437495995,290.0862593690399,0,1
C:\Users\zx\Desktop\scenario2_pose_lab\scenario2_pose_lab\tiny-Kinetics-400\arranging_flowers\_3gsKrwe8Sg_000153_000163.mp4,arranging flowers,13,3.4701333333333335,9.476133333333333,arranging flowers,arranging flowers,0.9987415671348572,8.591600002546329,141.908203125,283.81640625,0.0,0.0,277.97223437495995,292.40800625254633,0,1
C:\Users\zx\Desktop\scenario2_pose_lab\scenario2_pose_lab\tiny-Kinetics-400\arranging_flowers\_lgC663579E_000009_000019.mp4,arranging flowers,0,0.0,6.006,arranging flowers,arranging flowers,0.9987697005271912,9.172899997793138,160.328125,320.65625,0.0,0.0,329.82914999779314,329.82914999779314,0,1
C:\Users\zx\Desktop\scenario2_pose_lab\scenario2_pose_lab\tiny-Kinetics-400\arranging_flowers\_lgC663579E_000009_000019.mp4,arranging flowers,1,0.26693333333333336,6.2729333333333335,arranging flowers,arranging flowers,0.9980111122131348,8.69770000281278,160.6865234375,321.373046875,0.0,0.0,329.82914999779314,330.0707468778128,0,1
C:\Users\zx\Desktop\scenario2_pose_lab\scenario2_pose_lab\tiny-Kinetics-400\arranging_flowers\_lgC663579E_000009_000019.mp4,arranging flowers,2,0.5338666666666667,6.539866666666667,arranging flowers,arranging flowers,0.9995225667953491,8.45839999965392,161.318359375,322.63671875,0.0,0.0,329.82914999779314,331.0951187496539,0,1
C:\Users\zx\Desktop\scenario2_pose_lab\scenario2_pose_lab\tiny-Kinetics-400\arranging_flowers\_lgC663579E_000009_000019.mp4,arranging flowers,3,0.8008000000000001,6.8068,arranging flowers,arranging flowers,0.9984192848205566,8.904800000891555,161.6328125,323.265625,0.0,0.0,329.82914999779314,332.17042500089156,0,1
C:\Users\zx\Desktop\scenario2_pose_lab\scenario2_pose_lab\tiny-Kinetics-400\arranging_flowers\_lgC663579E_000009_000019.mp4,arranging flowers,4,1.0677333333333334,7.073733333333333,arranging flowers,arranging flowers,0.9978697299957275,8.777299997746013,162.0654296875,324.130859375,0.0,0.0,329.82914999779314,332.908159372746,0,1
C:\Users\zx\Desktop\scenario2_pose_lab\scenario2_pose_lab\tiny-Kinetics-400\arranging_flowers\_lgC663579E_000009_000019.mp4,arranging flowers,5,1.3346666666666667,7.3406666666666665,arranging flowers,arranging flowers,0.9994726777076721,8.519499999238178,162.6904296875,325.380859375,0.0,0.0,329.82914999779314,333.9003593742382,0,1
C:\Users\zx\Desktop\scenario2_pose_lab\scenario2_pose_lab\tiny-Kinetics-400\arranging_flowers\_lgC663579E_000009_000019.mp4,arranging flowers,6,1.6016000000000001,7.6076,arranging flowers,arranging flowers,0.9987836480140686,8.488399995258078,163.302734375,326.60546875,0.0,0.0,329.82914999779314,335.0938687452581,0,1
C:\Users\zx\Desktop\scenario2_pose_lab\scenario2_pose_lab\tiny-Kinetics-400\arranging_flowers\_lgC663579E_000009_000019.mp4,arranging flowers,7,1.8685333333333334,7.874533333333334,arranging flowers,arranging flowers,0.9989583492279053,9.811600000830367,163.69921875,327.3984375,0.0,0.0,329.82914999779314,337.21003750083037,0,1
C:\Users\zx\Desktop\scenario2_pose_lab\scenario2_pose_lab\tiny-Kinetics-400\arranging_flowers\_lgC663579E_000009_000019.mp4,arranging flowers,8,2.135466666666667,8.141466666666666,arranging flowers,arranging flowers,0.9998107552528381,9.567000000970438,163.9130859375,327.826171875,0.0,0.0,329.82914999779314,337.39317187597044,0,1
C:\Users\zx\Desktop\scenario2_pose_lab\scenario2_pose_lab\tiny-Kinetics-400\arranging_flowers\_lgC663579E_000009_000019.mp4,arranging flowers,9,2.4024,8.4084,arranging flowers,arranging flowers,0.9994940757751465,8.597199994255789,164.1064453125,328.212890625,0.0,0.0,329.82914999779314,336.8100906192558,0,1
C:\Users\zx\Desktop\scenario2_pose_lab\scenario2_pose_lab\tiny-Kinetics-400\arranging_flowers\_lgC663579E_000009_000019.mp4,arranging flowers,10,2.6693333333333333,8.675333333333333,arranging flowers,arranging flowers,0.9994280934333801,8.426499996858183,164.3701171875,328.740234375,0.0,0.0,329.82914999779314,337.1667343718582,0,1
C:\Users\zx\Desktop\scenario2_pose_lab\scenario2_pose_lab\tiny-Kinetics-400\arranging_flowers\_lgC663579E_000009_000019.mp4,arranging flowers,11,2.9362666666666666,8.942266666666667,arranging flowers,arranging flowers,0.9998546838760376,10.421800005133264,164.0869140625,328.173828125,0.0,0.0,329.82914999779314,338.59562813013326,0,1
C:\Users\zx\Desktop\scenario2_pose_lab\scenario2_pose_lab\tiny-Kinetics-400\arranging_flowers\_lgC663579E_000009_000019.mp4,arranging flowers,12,3.2032000000000003,9.209200000000001,arranging flowers,arranging flowers,0.999541163444519,8.854300001985393,163.984375,327.96875,0.0,0.0,329.82914999779314,336.8230500019854,0,1
C:\Users\zx\Desktop\scenario2_pose_lab\scenario2_pose_lab\tiny-Kinetics-400\arranging_flowers\_lgC663579E_000009_000019.mp4,arranging flowers,13,3.4701333333333335,9.476133333333333,arranging flowers,arranging flowers,0.9992451667785645,9.411800005182158,164.1376953125,328.275390625,0.0,0.0,329.82914999779314,337.68719063018216,0,1
C:\Users\zx\Desktop\scenario2_pose_lab\scenario2_pose_lab\tiny-Kinetics-400\assembling_computer\_1i9FTdOxao_000088_000098.mp4,assembling computer,0,0.0,6.565349544072948,assembling computer,assembling computer,0.8869875073432922,9.307200001785532,176.544921875,353.08984375,0.0,0.0,362.39704375178553,362.39704375178553,0,1
C:\Users\zx\Desktop\scenario2_pose_lab\scenario2_pose_lab\tiny-Kinetics-400\assembling_computer\_1i9FTdOxao_000088_000098.mp4,assembling computer,1,0.2917933130699088,6.857142857142857,assembling computer,assembling computer,0.8876936435699463,9.261699997296091,175.7783203125,351.556640625,0.0,0.0,362.39704375178553,360.8183406222961,0,1
C:\Users\zx\Desktop\scenario2_pose_lab\scenario2_pose_lab\tiny-Kinetics-400\assembling_computer\_1i9FTdOxao_000088_000098.mp4,assembling computer,2,0.5835866261398176,7.148936170212766,assembling computer,assembling computer,0.9348849058151245,13.764800001808908,177.7236328125,355.447265625,0.0,0.0,362.39704375178553,369.2120656268089,0,1
C:\Users\zx\Desktop\scenario2_pose_lab\scenario2_pose_lab\tiny-Kinetics-400\assembling_computer\_1i9FTdOxao_000088_000098.mp4,assembling computer,3,0.8753799392097265,7.4407294832826745,assembling computer,assembling computer,0.9821662306785583,10.70859999890672,179.623046875,359.24609375,0.0,0.0,362.39704375178553,369.9546937489067,0,1
C:\Users\zx\Desktop\scenario2_pose_lab\scenario2_pose_lab\tiny-Kinetics-400\assembling_computer\_1i9FTdOxao_000088_000098.mp4,assembling computer,4,1.1671732522796352,7.732522796352583,assembling computer,assembling computer,0.9798330068588257,10.859599999093916,178.98046875,357.9609375,0.0,0.0,362.39704375178553,368.8205374990939,0,1
C:\Users\zx\Desktop\scenario2_pose_lab\scenario2_pose_lab\tiny-Kinetics-400\assembling_computer\_1i9FTdOxao_000088_000098.mp4,assembling computer,5,1.458966565349544,8.024316109422491,assembling computer,assembling computer,0.9897358417510986,9.603200000128709,181.4501953125,362.900390625,0.0,0.0,362.39704375178553,372.5035906251287,0,1
C:\Users\zx\Desktop\scenario2_pose_lab\scenario2_pose_lab\tiny-Kinetics-400\assembling_computer\_1i9FTdOxao_000088_000098.mp4,assembling computer,6,1.750759878419453,8.316109422492401,assembling computer,assembling computer,0.996222972869873,10.96490000054473,181.67578125,363.3515625,0.0,0.0,362.39704375178553,374.31646250054473,0,1
C:\Users\zx\Desktop\scenario2_pose_lab\scenario2_pose_lab\tiny-Kinetics-400\assembling_computer\_1i9FTdOxao_000088_000098.mp4,assembling computer,7,2.0425531914893615,8.607902735562309,assembling computer,assembling computer,0.9977012276649475,11.159299996506888,181.2783203125,362.556640625,0.0,0.0,362.39704375178553,373.7159406215069,0,1
C:\Users\zx\Desktop\scenario2_pose_lab\scenario2_pose_lab\tiny-Kinetics-400\assembling_computer\_1i9FTdOxao_000088_000098.mp4,assembling computer,8,2.3343465045592704,8.899696048632219,assembling computer,assembling computer,0.9977174997329712,10.615599996526726,181.876953125,363.75390625,0.0,0.0,362.39704375178553,374.3695062465267,0,1
C:\Users\zx\Desktop\scenario2_pose_lab\scenario2_pose_lab\tiny-Kinetics-400\assembling_computer\_1i9FTdOxao_000088_000098.mp4,assembling computer,9,2.6261398176291793,9.191489361702127,assembling computer,assembling computer,0.9984580278396606,9.45740000315709,181.9306640625,363.861328125,0.0,0.0,362.39704375178553,373.3187281281571,0,1
C:\Users\zx\Desktop\scenario2_pose_lab\scenario2_pose_lab\tiny-Kinetics-400\assembling_computer\_1i9FTdOxao_000088_000098.mp4,assembling computer,10,2.917933130699088,9.483282674772036,assembling computer,assembling computer,0.9988839030265808,8.996700002171565,181.271484375,362.54296875,0.0,0.0,362.39704375178553,371.53966875217156,0,1
C:\Users\zx\Desktop\scenario2_pose_lab\scenario2_pose_lab\tiny-Kinetics-400\assembling_computer\_aYskO3dbtc_000130_000140.mp4,assembling computer,0,0.0,6.0,assembling computer,assembling computer,0.3585393726825714,10.407200003101025,94.3310546875,188.662109375,0.0,0.0,199.06930937810102,199.06930937810102,0,1
C:\Users\zx\Desktop\scenario2_pose_lab\scenario2_pose_lab\tiny-Kinetics-400\assembling_computer\_aYskO3dbtc_000130_000140.mp4,assembling computer,1,0.26666666666666666,6.266666666666667,assembling computer,assembling computer,0.5538530349731445,8.883100003004074,92.0595703125,184.119140625,0.0,0.0,199.06930937810102,193.00224062800407,0,1
C:\Users\zx\Desktop\scenario2_pose_lab\scenario2_pose_lab\tiny-Kinetics-400\assembling_computer\_aYskO3dbtc_000130_000140.mp4,assembling computer,2,0.5333333333333333,6.533333333333333,assembling computer,assembling computer,0.4398157596588135,8.758999996643979,94.419921875,188.83984375,0.0,0.0,199.06930937810102,197.59884374664398,0,1
C:\Users\zx\Desktop\scenario2_pose_lab\scenario2_pose_lab\tiny-Kinetics-400\assembling_computer\_aYskO3dbtc_000130_000140.mp4,assembling computer,3,0.8,6.8,assembling computer,assembling computer,0.42255109548568726,8.827500001643784,94.4384765625,188.876953125,0.0,0.0,199.06930937810102,197.70445312664378,0,1
C:\Users\zx\Desktop\scenario2_pose_lab\scenario2_pose_lab\tiny-Kinetics-400\assembling_computer\_aYskO3dbtc_000130_000140.mp4,assembling computer,4,1.0666666666666667,7.066666666666666,assembling computer,assembling computer,0.6517404317855835,9.629499996663071,92.302734375,184.60546875,0.0,0.0,199.06930937810102,194.23496874666307,0,1
C:\Users\zx\Desktop\scenario2_pose_lab\scenario2_pose_lab\tiny-Kinetics-400\assembling_computer\_aYskO3dbtc_000130_000140.mp4,assembling computer,5,1.3333333333333333,7.333333333333333,assembling computer,assembling computer,0.5909315347671509,8.900500004529022,94.7041015625,189.408203125,0.0,0.0,199.06930937810102,198.30870312952902,0,1
C:\Users\zx\Desktop\scenario2_pose_lab\scenario2_pose_lab\tiny-Kinetics-400\assembling_computer\_aYskO3dbtc_000130_000140.mp4,assembling computer,6,1.6,7.6,assembling computer,assembling computer,0.6614516377449036,10.222099997918122,95.298828125,190.59765625,0.0,0.0,199.06930937810102,200.81975624791812,0,1
C:\Users\zx\Desktop\scenario2_pose_lab\scenario2_pose_lab\tiny-Kinetics-400\assembling_computer\_aYskO3dbtc_000130_000140.mp4,assembling computer,7,1.8666666666666667,7.866666666666666,assembling computer,assembling computer,0.8730229735374451,10.52460000209976,92.7255859375,185.451171875,0.0,0.0,199.06930937810102,195.97577187709976,0,1
C:\Users\zx\Desktop\scenario2_pose_lab\scenario2_pose_lab\tiny-Kinetics-400\assembling_computer\_aYskO3dbtc_000130_000140.mp4,assembling computer,8,2.1333333333333333,8.133333333333333,assembling computer,assembling computer,0.689357578754425,10.634600002958905,95.0302734375,190.060546875,0.0,0.0,199.06930937810102,200.6951468779589,0,1
C:\Users\zx\Desktop\scenario2_pose_lab\scenario2_pose_lab\tiny-Kinetics-400\assembling_computer\_aYskO3dbtc_000130_000140.mp4,assembling computer,9,2.4,8.4,assembling computer,assembling computer,0.6318196654319763,9.02729999506846,93.5029296875,187.005859375,0.0,0.0,199.06930937810102,196.03315937006846,0,1
C:\Users\zx\Desktop\scenario2_pose_lab\scenario2_pose_lab\tiny-Kinetics-400\assembling_computer\_aYskO3dbtc_000130_000140.mp4,assembling computer,10,2.6666666666666665,8.666666666666666,assembling computer,assembling computer,0.801828920841217,9.504800000286195,91.0673828125,182.134765625,0.0,0.0,199.06930937810102,191.6395656252862,0,1
C:\Users\zx\Desktop\scenario2_pose_lab\scenario2_pose_lab\tiny-Kinetics-400\assembling_computer\_aYskO3dbtc_000130_000140.mp4,assembling computer,11,2.933333333333333,8.933333333333334,assembling computer,assembling computer,0.7124768495559692,8.957699996244628,92.9619140625,185.923828125,0.0,0.0,199.06930937810102,194.88152812124463,0,1
C:\Users\zx\Desktop\scenario2_pose_lab\scenario2_pose_lab\tiny-Kinetics-400\assembling_computer\_aYskO3dbtc_000130_000140.mp4,assembling computer,12,3.2,9.2,assembling computer,assembling computer,0.6463549137115479,8.60100000136299,91.431640625,182.86328125,0.0,0.0,199.06930937810102,191.464281251363,0,1
C:\Users\zx\Desktop\scenario2_pose_lab\scenario2_pose_lab\tiny-Kinetics-400\assembling_computer\_aYskO3dbtc_000130_000140.mp4,assembling computer,13,3.466666666666667,9.466666666666667,assembling computer,assembling computer,0.782737135887146,8.735800001886673,88.5771484375,177.154296875,0.0,0.0,199.06930937810102,185.89009687688667,0,1
C:\Users\zx\Desktop\scenario2_pose_lab\scenario2_pose_lab\tiny-Kinetics-400\assembling_computer\_FYbpBvkSsU_000147_000157.mp4,assembling computer,0,0.0,6.006,assembling computer,assembling computer,0.9952474236488342,9.415000000444707,118.9775390625,237.955078125,0.0,0.0,247.3700781254447,247.3700781254447,0,1
C:\Users\zx\Desktop\scenario2_pose_lab\scenario2_pose_lab\tiny-Kinetics-400\assembling_computer\_FYbpBvkSsU_000147_000157.mp4,assembling computer,1,0.26693333333333336,6.2729333333333335,assembling computer,assembling computer,0.9980510473251343,9.466299998166505,115.4970703125,230.994140625,0.0,0.0,247.3700781254447,240.4604406231665,0,1
C:\Users\zx\Desktop\scenario2_pose_lab\scenario2_pose_lab\tiny-Kinetics-400\assembling_computer\_FYbpBvkSsU_000147_000157.mp4,assembling computer,2,0.5338666666666667,6.539866666666667,assembling computer,assembling computer,0.9987012147903442,8.902499997930136,112.697265625,225.39453125,0.0,0.0,247.3700781254447,234.29703124793014,0,1
C:\Users\zx\Desktop\scenario2_pose_lab\scenario2_pose_lab\tiny-Kinetics-400\assembling_computer\_FYbpBvkSsU_000147_000157.mp4,assembling computer,3,0.8008000000000001,6.8068,assembling computer,assembling computer,0.9969161748886108,10.025100003986154,108.623046875,217.24609375,0.0,0.0,247.3700781254447,227.27119375398615,0,1
C:\Users\zx\Desktop\scenario2_pose_lab\scenario2_pose_lab\tiny-Kinetics-400\assembling_computer\_FYbpBvkSsU_000147_000157.mp4,assembling computer,4,1.0677333333333334,7.073733333333333,assembling computer,assembling computer,0.9983273148536682,9.70979999692645,105.37109375,210.7421875,0.0,0.0,247.3700781254447,220.45198749692645,0,1
C:\Users\zx\Desktop\scenario2_pose_lab\scenario2_pose_lab\tiny-Kinetics-400\assembling_computer\_FYbpBvkSsU_000147_000157.mp4,assembling computer,5,1.3346666666666667,7.3406666666666665,assembling computer,assembling computer,0.9984006285667419,9.045300001162104,103.8662109375,207.732421875,0.0,0.0,247.3700781254447,216.7777218761621,0,1
C:\Users\zx\Desktop\scenario2_pose_lab\scenario2_pose_lab\tiny-Kinetics-400\assembling_computer\_FYbpBvkSsU_000147_000157.mp4,assembling computer,6,1.6016000000000001,7.6076,assembling computer,assembling computer,0.9921030402183533,8.883199996489566,101.2255859375,202.451171875,0.0,0.0,247.3700781254447,211.33437187148957,0,1
C:\Users\zx\Desktop\scenario2_pose_lab\scenario2_pose_lab\tiny-Kinetics-400\assembling_computer\_FYbpBvkSsU_000147_000157.mp4,assembling computer,7,1.8685333333333334,7.874533333333334,assembling computer,assembling computer,0.9973053932189941,8.454499999061227,99.6865234375,199.373046875,0.0,0.0,247.3700781254447,207.82754687406123,0,1
C:\Users\zx\Desktop\scenario2_pose_lab\scenario2_pose_lab\tiny-Kinetics-400\assembling_computer\_FYbpBvkSsU_000147_000157.mp4,assembling computer,8,2.135466666666667,8.141466666666666,assembling computer,assembling computer,0.9965543746948242,8.414500000071712,98.08203125,196.1640625,0.0,0.0,247.3700781254447,204.5785625000717,0,1
C:\Users\zx\Desktop\scenario2_pose_lab\scenario2_pose_lab\tiny-Kinetics-400\assembling_computer\_FYbpBvkSsU_000147_000157.mp4,assembling computer,9,2.4024,8.4084,assembling computer,assembling computer,0.9719563126564026,8.47040000371635,93.9013671875,187.802734375,0.0,0.0,247.3700781254447,196.27313437871635,0,1
C:\Users\zx\Desktop\scenario2_pose_lab\scenario2_pose_lab\tiny-Kinetics-400\assembling_computer\_FYbpBvkSsU_000147_000157.mp4,assembling computer,10,2.6693333333333333,8.675333333333333,assembling computer,assembling computer,0.9944732785224915,9.811999996600207,98.203125,196.40625,0.0,0.0,247.3700781254447,206.2182499966002,0,1
C:\Users\zx\Desktop\scenario2_pose_lab\scenario2_pose_lab\tiny-Kinetics-400\assembling_computer\_FYbpBvkSsU_000147_000157.mp4,assembling computer,11,2.9362666666666666,8.942266666666667,assembling computer,assembling computer,0.9987199306488037,10.162200000195298,103.080078125,206.16015625,0.0,0.0,247.3700781254447,216.3223562501953,0,1
C:\Users\zx\Desktop\scenario2_pose_lab\scenario2_pose_lab\tiny-Kinetics-400\assembling_computer\_FYbpBvkSsU_000147_000157.mp4,assembling computer,12,3.2032000000000003,9.209200000000001,assembling computer,assembling computer,0.9951701760292053,9.2304999998305,99.7236328125,199.447265625,0.0,0.0,247.3700781254447,208.6777656248305,0,1
C:\Users\zx\Desktop\scenario2_pose_lab\scenario2_pose_lab\tiny-Kinetics-400\assembling_computer\_FYbpBvkSsU_000147_000157.mp4,assembling computer,13,3.4701333333333335,9.476133333333333,,,0.0,,102.8291015625,205.658203125,0.0,0.0,,,1,0
C:\Users\zx\Desktop\scenario2_pose_lab\scenario2_pose_lab\tiny-Kinetics-400\auctioning\_59Vxd5-1jQ_000254_000264.mp4,auctioning,0,0.0,6.016713091922005,playing didgeridoo,playing didgeridoo,0.20956647396087646,10.900900000706315,133.3486328125,266.697265625,0.0,0.0,277.5981656257063,277.5981656257063,0,0
C:\Users\zx\Desktop\scenario2_pose_lab\scenario2_pose_lab\tiny-Kinetics-400\auctioning\_59Vxd5-1jQ_000254_000264.mp4,auctioning,1,0.26740947075208915,6.284122562674095,playing didgeridoo,playing didgeridoo,0.2583061158657074,10.120399994775653,135.3544921875,270.708984375,0.0,0.0,277.5981656257063,280.82938436977565,0,0
C:\Users\zx\Desktop\scenario2_pose_lab\scenario2_pose_lab\tiny-Kinetics-400\auctioning\_59Vxd5-1jQ_000254_000264.mp4,auctioning,2,0.5348189415041783,6.5515320334261835,beatboxing,beatboxing,0.22558733820915222,12.529499996162485,135.1064453125,270.212890625,0.0,0.0,277.5981656257063,282.7423906211625,0,0
C:\Users\zx\Desktop\scenario2_pose_lab\scenario2_pose_lab\tiny-Kinetics-400\auctioning\_59Vxd5-1jQ_000254_000264.mp4,auctioning,3,0.8022284122562674,6.818941504178273,playing harmonica,playing harmonica,0.21346092224121094,11.635099996055942,134.8984375,269.796875,0.0,0.0,277.5981656257063,281.43197499605594,0,0
C:\Users\zx\Desktop\scenario2_pose_lab\scenario2_pose_lab\tiny-Kinetics-400\auctioning\_59Vxd5-1jQ_000254_000264.mp4,auctioning,4,1.0696378830083566,7.086350974930362,playing didgeridoo,playing didgeridoo,0.259586364030838,11.170300000230782,137.142578125,274.28515625,0.0,0.0,277.5981656257063,285.4554562502308,0,0
C:\Users\zx\Desktop\scenario2_pose_lab\scenario2_pose_lab\tiny-Kinetics-400\auctioning\_59Vxd5-1jQ_000254_000264.mp4,auctioning,5,1.3370473537604457,7.353760445682451,beatboxing,beatboxing,0.24876268208026886,9.901999997964595,136.4921875,272.984375,0.0,0.0,277.5981656257063,282.8863749979646,0,0
C:\Users\zx\Desktop\scenario2_pose_lab\scenario2_pose_lab\tiny-Kinetics-400\auctioning\_59Vxd5-1jQ_000254_000264.mp4,auctioning,6,1.6044568245125348,7.62116991643454,playing harmonica,playing harmonica,0.21420913934707642,9.679300004791003,136.8125,273.625,0.0,0.0,277.5981656257063,283.304300004791,0,0
C:\Users\zx\Desktop\scenario2_pose_lab\scenario2_pose_lab\tiny-Kinetics-400\auctioning\_59Vxd5-1jQ_000254_000264.mp4,auctioning,7,1.871866295264624,7.888579387186629,beatboxing,beatboxing,0.19270288944244385,9.386600002471823,138.525390625,277.05078125,0.0,0.0,277.5981656257063,286.4373812524718,0,0
C:\Users\zx\Desktop\scenario2_pose_lab\scenario2_pose_lab\tiny-Kinetics-400\auctioning\_59Vxd5-1jQ_000254_000264.mp4,auctioning,8,2.139275766016713,8.155988857938718,beatboxing,beatboxing,0.21916534006595612,9.270100003050175,138.998046875,277.99609375,0.0,0.0,277.5981656257063,287.2661937530502,0,0
C:\Users\zx\Desktop\scenario2_pose_lab\scenario2_pose_lab\tiny-Kinetics-400\auctioning\_59Vxd5-1jQ_000254_000264.mp4,auctioning,9,2.4066852367688023,8.423398328690807,playing harmonica,playing harmonica,0.17090624570846558,15.58350000414066,139.6015625,279.203125,0.0,0.0,277.5981656257063,294.78662500414066,0,0
C:\Users\zx\Desktop\scenario2_pose_lab\scenario2_pose_lab\tiny-Kinetics-400\auctioning\_59Vxd5-1jQ_000254_000264.mp4,auctioning,10,2.6740947075208914,8.690807799442897,beatboxing,beatboxing,0.23915868997573853,15.053600000101142,140.732421875,281.46484375,0.0,0.0,277.5981656257063,296.51844375010114,0,0
C:\Users\zx\Desktop\scenario2_pose_lab\scenario2_pose_lab\tiny-Kinetics-400\auctioning\_59Vxd5-1jQ_000254_000264.mp4,auctioning,11,2.9415041782729805,8.958217270194986,beatboxing,beatboxing,0.2182895690202713,14.826700004050508,140.3818359375,280.763671875,0.0,0.0,277.5981656257063,295.5903718790505,0,0
C:\Users\zx\Desktop\scenario2_pose_lab\scenario2_pose_lab\tiny-Kinetics-400\auctioning\_59Vxd5-1jQ_000254_000264.mp4,auctioning,12,3.2089136490250696,9.225626740947074,beatboxing,beatboxing,0.21456237137317657,8.99109999591019,140.8017578125,281.603515625,0.0,0.0,277.5981656257063,290.5946156209102,0,0
C:\Users\zx\Desktop\scenario2_pose_lab\scenario2_pose_lab\tiny-Kinetics-400\auctioning\_59Vxd5-1jQ_000254_000264.mp4,auctioning,13,3.4763231197771587,9.493036211699163,beatboxing,beatboxing,0.2943704128265381,8.585800002038013,140.5341796875,281.068359375,0.0,0.0,277.5981656257063,289.654159377038,0,0
C:\Users\zx\Desktop\scenario2_pose_lab\scenario2_pose_lab\tiny-Kinetics-400\auctioning\_64McxlS1ck_000318_000328.mp4,auctioning,0,0.0,7.2,dining,dining,0.23502656817436218,9.264800006349105,117.85546875,235.7109375,0.0,0.0,244.9757375063491,244.9757375063491,0,0
C:\Users\zx\Desktop\scenario2_pose_lab\scenario2_pose_lab\tiny-Kinetics-400\auctioning\_64McxlS1ck_000318_000328.mp4,auctioning,1,0.32,7.52,dining,dining,0.301074355840683,8.937099999457132,117.7275390625,235.455078125,0.0,0.0,244.9757375063491,244.39217812445713,0,0
C:\Users\zx\Desktop\scenario2_pose_lab\scenario2_pose_lab\tiny-Kinetics-400\auctioning\_64McxlS1ck_000318_000328.mp4,auctioning,2,0.64,7.84,dining,dining,0.31427860260009766,9.153400002105627,118.0615234375,236.123046875,0.0,0.0,244.9757375063491,245.27644687710563,0,0
C:\Users\zx\Desktop\scenario2_pose_lab\scenario2_pose_lab\tiny-Kinetics-400\auctioning\_64McxlS1ck_000318_000328.mp4,auctioning,3,0.96,8.16,dining,dining,0.3692868947982788,8.4662999943248,117.443359375,234.88671875,0.0,0.0,244.9757375063491,243.3530187443248,0,0
C:\Users\zx\Desktop\scenario2_pose_lab\scenario2_pose_lab\tiny-Kinetics-400\auctioning\_64McxlS1ck_000318_000328.mp4,auctioning,4,1.28,8.48,dining,dining,0.32048144936561584,8.41299999592593,117.1396484375,234.279296875,0.0,0.0,244.9757375063491,242.69229687092593,0,0
C:\Users\zx\Desktop\scenario2_pose_lab\scenario2_pose_lab\tiny-Kinetics-400\auctioning\_64McxlS1ck_000318_000328.mp4,auctioning,5,1.6,8.8,dining,dining,0.3486481308937073,8.476100003463216,117.712890625,235.42578125,0.0,0.0,244.9757375063491,243.90188125346322,0,0
C:\Users\zx\Desktop\scenario2_pose_lab\scenario2_pose_lab\tiny-Kinetics-400\auctioning\_64McxlS1ck_000318_000328.mp4,auctioning,6,1.92,9.12,,,0.0,,117.263671875,234.52734375,0.0,0.0,,,1,0
C:\Users\zx\Desktop\scenario2_pose_lab\scenario2_pose_lab\tiny-Kinetics-400\auctioning\_64McxlS1ck_000318_000328.mp4,auctioning,7,2.24,9.44,dining,dining,0.2701806128025055,11.889300003531389,116.7763671875,233.552734375,0.0,0.0,244.9757375063491,245.4420343785314,0,0
C:\Users\zx\Desktop\scenario2_pose_lab\scenario2_pose_lab\tiny-Kinetics-400\auctioning\_bX9z03EBzM_000094_000104.mp4,auctioning,0,0.0,6.006,auctioning,auctioning,0.2372712641954422,11.00399999995716,110.0830078125,220.166015625,0.0,0.0,231.17001562495716,231.17001562495716,0,1
C:\Users\zx\Desktop\scenario2_pose_lab\scenario2_pose_lab\tiny-Kinetics-400\auctioning\_bX9z03EBzM_000094_000104.mp4,auctioning,1,0.26693333333333336,6.2729333333333335,auctioning,auctioning,0.2884940207004547,10.214000001724344,110.4248046875,220.849609375,0.0,0.0,231.17001562495716,231.06360937672434,0,1
C:\Users\zx\Desktop\scenario2_pose_lab\scenario2_pose_lab\tiny-Kinetics-400\auctioning\_bX9z03EBzM_000094_000104.mp4,auctioning,2,0.5338666666666667,6.539866666666667,auctioning,auctioning,0.26536673307418823,9.347899998829234,110.2373046875,220.474609375,0.0,0.0,231.17001562495716,229.82250937382923,0,1
C:\Users\zx\Desktop\scenario2_pose_lab\scenario2_pose_lab\tiny-Kinetics-400\auctioning\_bX9z03EBzM_000094_000104.mp4,auctioning,3,0.8008000000000001,6.8068,auctioning,auctioning,0.23250803351402283,11.133600004541222,111.0205078125,222.041015625,0.0,0.0,231.17001562495716,233.17461562954122,0,1
C:\Users\zx\Desktop\scenario2_pose_lab\scenario2_pose_lab\tiny-Kinetics-400\auctioning\_bX9z03EBzM_000094_000104.mp4,auctioning,4,1.0677333333333334,7.073733333333333,auctioning,auctioning,0.1888294517993927,11.007699999026954,111.3046875,222.609375,0.0,0.0,231.17001562495716,233.61707499902695,0,1
C:\Users\zx\Desktop\scenario2_pose_lab\scenario2_pose_lab\tiny-Kinetics-400\auctioning\_bX9z03EBzM_000094_000104.mp4,auctioning,5,1.3346666666666667,7.3406666666666665,,,0.0,,110.2490234375,220.498046875,0.0,0.0,,,1,0
C:\Users\zx\Desktop\scenario2_pose_lab\scenario2_pose_lab\tiny-Kinetics-400\auctioning\_bX9z03EBzM_000094_000104.mp4,auctioning,6,1.6016000000000001,7.6076,giving or receiving award,giving or receiving award,0.17205287516117096,8.922699998947792,108.576171875,217.15234375,0.0,0.0,231.17001562495716,226.0750437489478,0,0
C:\Users\zx\Desktop\scenario2_pose_lab\scenario2_pose_lab\tiny-Kinetics-400\auctioning\_bX9z03EBzM_000094_000104.mp4,auctioning,7,1.8685333333333334,7.874533333333334,balloon blowing,balloon blowing,0.24975821375846863,15.876499994192272,109.826171875,219.65234375,0.0,0.0,231.17001562495716,235.52884374419227,0,0
C:\Users\zx\Desktop\scenario2_pose_lab\scenario2_pose_lab\tiny-Kinetics-400\auctioning\_bX9z03EBzM_000094_000104.mp4,auctioning,8,2.135466666666667,8.141466666666666,celebrating,celebrating,0.2458006888628006,15.405300000566058,108.568359375,217.13671875,0.0,0.0,231.17001562495716,232.54201875056606,0,0
C:\Users\zx\Desktop\scenario2_pose_lab\scenario2_pose_lab\tiny-Kinetics-400\auctioning\_bX9z03EBzM_000094_000104.mp4,auctioning,9,2.4024,8.4084,celebrating,celebrating,0.25661009550094604,9.257500001695007,106.1845703125,212.369140625,0.0,0.0,231.17001562495716,221.626640626695,0,0
C:\Users\zx\Desktop\scenario2_pose_lab\scenario2_pose_lab\tiny-Kinetics-400\auctioning\_bX9z03EBzM_000094_000104.mp4,auctioning,10,2.6693333333333333,8.675333333333333,balloon blowing,balloon blowing,0.5591301321983337,9.007399996335153,107.435546875,214.87109375,0.0,0.0,231.17001562495716,223.87849374633515,0,0
C:\Users\zx\Desktop\scenario2_pose_lab\scenario2_pose_lab\tiny-Kinetics-400\auctioning\_bX9z03EBzM_000094_000104.mp4,auctioning,11,2.9362666666666666,8.942266666666667,balloon blowing,balloon blowing,0.4592149555683136,9.38250000035623,105.9560546875,211.912109375,0.0,0.0,231.17001562495716,221.29460937535623,0,0
C:\Users\zx\Desktop\scenario2_pose_lab\scenario2_pose_lab\tiny-Kinetics-400\auctioning\_bX9z03EBzM_000094_000104.mp4,auctioning,12,3.2032000000000003,9.209200000000001,balloon blowing,balloon blowing,0.2500573992729187,9.378499999002088,103.8134765625,207.626953125,0.0,0.0,231.17001562495716,217.0054531240021,0,0
C:\Users\zx\Desktop\scenario2_pose_lab\scenario2_pose_lab\tiny-Kinetics-400\auctioning\_bX9z03EBzM_000094_000104.mp4,auctioning,13,3.4701333333333335,9.476133333333333,balloon blowing,balloon blowing,0.6872920393943787,9.142100003373343,103.9033203125,207.806640625,0.0,0.0,231.17001562495716,216.94874062837334,0,0
C:\Users\zx\Desktop\scenario2_pose_lab\scenario2_pose_lab\tiny-Kinetics-400\baby_waking_up\_K8SThimKj8_000001_000011.mp4,baby waking up,0,0.0,6.006,baby waking up,baby waking up,0.11524257063865662,10.053899997728877,92.03515625,184.0703125,0.0,0.0,194.12421249772888,194.12421249772888,0,1
C:\Users\zx\Desktop\scenario2_pose_lab\scenario2_pose_lab\tiny-Kinetics-400\baby_waking_up\_K8SThimKj8_000001_000011.mp4,baby waking up,1,0.26693333333333336,6.2729333333333335,baby waking up,baby waking up,0.2949361801147461,9.766800001671072,91.5068359375,183.013671875,0.0,0.0,194.12421249772888,192.78047187667107,0,1
C:\Users\zx\Desktop\scenario2_pose_lab\scenario2_pose_lab\tiny-Kinetics-400\baby_waking_up\_K8SThimKj8_000001_000011.mp4,baby waking up,2,0.5338666666666667,6.539866666666667,baby waking up,baby waking up,0.30890750885009766,8.877599997504149,90.564453125,181.12890625,0.0,0.0,194.12421249772888,190.00650624750415,0,1
C:\Users\zx\Desktop\scenario2_pose_lab\scenario2_pose_lab\tiny-Kinetics-400\baby_waking_up\_K8SThimKj8_000001_000011.mp4,baby waking up,3,0.8008000000000001,6.8068,baby waking up,baby waking up,0.4138128161430359,8.737900003325194,92.154296875,184.30859375,0.0,0.0,194.12421249772888,193.0464937533252,0,1
C:\Users\zx\Desktop\scenario2_pose_lab\scenario2_pose_lab\tiny-Kinetics-400\baby_waking_up\_K8SThimKj8_000001_000011.mp4,baby waking up,4,1.0677333333333334,7.073733333333333,baby waking up,baby waking up,0.4792026877403259,9.056300004885998,92.099609375,184.19921875,0.0,0.0,194.12421249772888,193.255518754886,0,1
C:\Users\zx\Desktop\scenario2_pose_lab\scenario2_pose_lab\tiny-Kinetics-400\baby_waking_up\_K8SThimKj8_000001_000011.mp4,baby waking up,5,1.3346666666666667,7.3406666666666665,baby waking up,baby waking up,0.46169722080230713,8.43689999601338,91.20703125,182.4140625,0.0,0.0,194.12421249772888,190.85096249601338,0,1
C:\Users\zx\Desktop\scenario2_pose_lab\scenario2_pose_lab\tiny-Kinetics-400\baby_waking_up\_K8SThimKj8_000001_000011.mp4,baby waking up,6,1.6016000000000001,7.6076,baby waking up,baby waking up,0.5547569990158081,8.606499999586958,91.2705078125,182.541015625,0.0,0.0,194.12421249772888,191.14751562458696,0,1
C:\Users\zx\Desktop\scenario2_pose_lab\scenario2_pose_lab\tiny-Kinetics-400\baby_waking_up\_K8SThimKj8_000001_000011.mp4,baby waking up,7,1.8685333333333334,7.874533333333334,baby waking up,baby waking up,0.5522729754447937,14.870999999402557,89.671875,179.34375,0.0,0.0,194.12421249772888,194.21474999940256,0,1
C:\Users\zx\Desktop\scenario2_pose_lab\scenario2_pose_lab\tiny-Kinetics-400\baby_waking_up\_K8SThimKj8_000001_000011.mp4,baby waking up,8,2.135466666666667,8.141466666666666,baby waking up,baby waking up,0.5515427589416504,9.190099997795187,87.70703125,175.4140625,0.0,0.0,194.12421249772888,184.6041624977952,0,1
C:\Users\zx\Desktop\scenario2_pose_lab\scenario2_pose_lab\tiny-Kinetics-400\baby_waking_up\_K8SThimKj8_000001_000011.mp4,baby waking up,9,2.4024,8.4084,baby waking up,baby waking up,0.6315195560455322,8.584700000938028,87.0380859375,174.076171875,0.0,0.0,194.12421249772888,182.66087187593803,0,1
C:\Users\zx\Desktop\scenario2_pose_lab\scenario2_pose_lab\tiny-Kinetics-400\baby_waking_up\_K8SThimKj8_000001_000011.mp4,baby waking up,10,2.6693333333333333,8.675333333333333,baby waking up,baby waking up,0.5347364544868469,8.755499999097083,86.15234375,172.3046875,0.0,0.0,194.12421249772888,181.06018749909708,0,1
C:\Users\zx\Desktop\scenario2_pose_lab\scenario2_pose_lab\tiny-Kinetics-400\baby_waking_up\_K8SThimKj8_000001_000011.mp4,baby waking up,11,2.9362666666666666,8.942266666666667,baby waking up,baby waking up,0.5277533531188965,8.176900002581533,86.287109375,172.57421875,0.0,0.0,194.12421249772888,180.75111875258153,0,1
C:\Users\zx\Desktop\scenario2_pose_lab\scenario2_pose_lab\tiny-Kinetics-400\baby_waking_up\_K8SThimKj8_000001_000011.mp4,baby waking up,12,3.2032000000000003,9.209200000000001,baby waking up,baby waking up,0.5470126271247864,11.405900004319847,87.0615234375,174.123046875,0.0,0.0,194.12421249772888,185.52894687931985,0,1
C:\Users\zx\Desktop\scenario2_pose_lab\scenario2_pose_lab\tiny-Kinetics-400\baby_waking_up\_K8SThimKj8_000001_000011.mp4,baby waking up,13,3.4701333333333335,9.476133333333333,baby waking up,baby waking up,0.4747192859649658,8.939400002418552,87.4404296875,174.880859375,0.0,0.0,194.12421249772888,183.82025937741855,0,1
C:\Users\zx\Desktop\scenario2_pose_lab\scenario2_pose_lab\tiny-Kinetics-400\baby_waking_up\_MdfxbifBLw_000000_000010.mp4,baby waking up,0,0.0,9.943266666666666,baby waking up,baby waking up,0.5090759992599487,9.423199997399934,98.775390625,197.55078125,0.0,0.0,206.97398124739993,206.97398124739993,0,1
C:\Users\zx\Desktop\scenario2_pose_lab\scenario2_pose_lab\tiny-Kinetics-400\baby_waking_up\_oADyQKOaqk_000119_000129.mp4,baby waking up,0,0.0,6.0,baby waking up,baby waking up,0.35961633920669556,11.74390000232961,103.822265625,207.64453125,0.0,0.0,219.3884312523296,219.3884312523296,0,1
C:\Users\zx\Desktop\scenario2_pose_lab\scenario2_pose_lab\tiny-Kinetics-400\baby_waking_up\_oADyQKOaqk_000119_000129.mp4,baby waking up,1,0.26666666666666666,6.266666666666667,sneezing,sneezing,0.4539245367050171,8.851599995978177,101.423828125,202.84765625,0.0,0.0,219.3884312523296,211.69925624597818,0,0
C:\Users\zx\Desktop\scenario2_pose_lab\scenario2_pose_lab\tiny-Kinetics-400\baby_waking_up\_oADyQKOaqk_000119_000129.mp4,baby waking up,2,0.5333333333333333,6.533333333333333,baby waking up,baby waking up,0.36789247393608093,8.486699996865354,100.87890625,201.7578125,0.0,0.0,219.3884312523296,210.24451249686535,0,1
C:\Users\zx\Desktop\scenario2_pose_lab\scenario2_pose_lab\tiny-Kinetics-400\baby_waking_up\_oADyQKOaqk_000119_000129.mp4,baby waking up,3,0.8,6.8,sneezing,sneezing,0.3871442675590515,8.423400002357084,97.900390625,195.80078125,0.0,0.0,219.3884312523296,204.22418125235708,0,0
C:\Users\zx\Desktop\scenario2_pose_lab\scenario2_pose_lab\tiny-Kinetics-400\baby_waking_up\_oADyQKOaqk_000119_000129.mp4,baby waking up,4,1.0666666666666667,7.066666666666666,sneezing,sneezing,0.5233711004257202,8.334400001331232,96.0126953125,192.025390625,0.0,0.0,219.3884312523296,200.35979062633123,0,0
C:\Users\zx\Desktop\scenario2_pose_lab\scenario2_pose_lab\tiny-Kinetics-400\baby_waking_up\_oADyQKOaqk_000119_000129.mp4,baby waking up,5,1.3333333333333333,7.333333333333333,sneezing,sneezing,0.43545886874198914,9.492899996985216,95.427734375,190.85546875,0.0,0.0,219.3884312523296,200.34836874698522,0,0
C:\Users\zx\Desktop\scenario2_pose_lab\scenario2_pose_lab\tiny-Kinetics-400\baby_waking_up\_oADyQKOaqk_000119_000129.mp4,baby waking up,6,1.6,7.6,sneezing,sneezing,0.472223162651062,8.856500004185364,93.150390625,186.30078125,0.0,0.0,219.3884312523296,195.15728125418536,0,0
C:\Users\zx\Desktop\scenario2_pose_lab\scenario2_pose_lab\tiny-Kinetics-400\baby_waking_up\_oADyQKOaqk_000119_000129.mp4,baby waking up,7,1.8666666666666667,7.866666666666666,sneezing,sneezing,0.5694536566734314,8.718800003407523,91.1669921875,182.333984375,0.0,0.0,219.3884312523296,191.05278437840752,0,0
C:\Users\zx\Desktop\scenario2_pose_lab\scenario2_pose_lab\tiny-Kinetics-400\baby_waking_up\_oADyQKOaqk_000119_000129.mp4,baby waking up,8,2.1333333333333333,8.133333333333333,sneezing,sneezing,0.47343695163726807,10.264399999869056,90.5078125,181.015625,0.0,0.0,219.3884312523296,191.28002499986906,0,0
C:\Users\zx\Desktop\scenario2_pose_lab\scenario2_pose_lab\tiny-Kinetics-400\baby_waking_up\_oADyQKOaqk_000119_000129.mp4,baby waking up,9,2.4,8.4,sneezing,sneezing,0.5148369073867798,9.2644999967888,87.865234375,175.73046875,0.0,0.0,219.3884312523296,184.9949687467888,0,0
C:\Users\zx\Desktop\scenario2_pose_lab\scenario2_pose_lab\tiny-Kinetics-400\baby_waking_up\_oADyQKOaqk_000119_000129.mp4,baby waking up,10,2.6666666666666665,8.666666666666666,sneezing,sneezing,0.5964268445968628,10.167000000365078,85.6005859375,171.201171875,0.0,0.0,219.3884312523296,181.36817187536508,0,0
C:\Users\zx\Desktop\scenario2_pose_lab\scenario2_pose_lab\tiny-Kinetics-400\baby_waking_up\_oADyQKOaqk_000119_000129.mp4,baby waking up,11,2.933333333333333,8.933333333333334,sneezing,sneezing,0.46169355511665344,8.501500000420492,84.7822265625,169.564453125,0.0,0.0,219.3884312523296,178.0659531254205,0,0
C:\Users\zx\Desktop\scenario2_pose_lab\scenario2_pose_lab\tiny-Kinetics-400\baby_waking_up\_oADyQKOaqk_000119_000129.mp4,baby waking up,12,3.2,9.2,sneezing,sneezing,0.4704362154006958,8.477399998810142,82.494140625,164.98828125,0.0,0.0,219.3884312523296,173.46568124881014,0,0
C:\Users\zx\Desktop\scenario2_pose_lab\scenario2_pose_lab\tiny-Kinetics-400\baby_waking_up\_oADyQKOaqk_000119_000129.mp4,baby waking up,13,3.466666666666667,9.466666666666667,sneezing,sneezing,0.5073167085647583,8.296100000734441,80.5205078125,161.041015625,0.0,0.0,219.3884312523296,169.33711562573444,0,0
C:\Users\zx\Desktop\scenario2_pose_lab\scenario2_pose_lab\tiny-Kinetics-400\baking_cookies\_4oL_A1gWnA_000659_000669.mp4,baking cookies,0,0.0,6.0,baking cookies,baking cookies,0.9999351501464844,9.569900001224596,89.302734375,178.60546875,0.0,0.0,188.1753687512246,188.1753687512246,0,1
C:\Users\zx\Desktop\scenario2_pose_lab\scenario2_pose_lab\tiny-Kinetics-400\baking_cookies\_4oL_A1gWnA_000659_000669.mp4,baking cookies,1,0.26666666666666666,6.266666666666667,baking cookies,baking cookies,0.9999516010284424,9.344999998575076,91.537109375,183.07421875,0.0,0.0,188.1753687512246,192.41921874857508,0,1
C:\Users\zx\Desktop\scenario2_pose_lab\scenario2_pose_lab\tiny-Kinetics-400\baking_cookies\_4oL_A1gWnA_000659_000669.mp4,baking cookies,2,0.5333333333333333,6.533333333333333,baking cookies,baking cookies,0.9998881816864014,9.261100000003353,93.81640625,187.6328125,0.0,0.0,188.1753687512246,196.89391250000335,0,1
C:\Users\zx\Desktop\scenario2_pose_lab\scenario2_pose_lab\tiny-Kinetics-400\baking_cookies\_4oL_A1gWnA_000659_000669.mp4,baking cookies,3,0.8,6.8,baking cookies,baking cookies,0.9999687671661377,10.747799999080598,97.2548828125,194.509765625,0.0,0.0,188.1753687512246,205.2575656240806,0,1
C:\Users\zx\Desktop\scenario2_pose_lab\scenario2_pose_lab\tiny-Kinetics-400\baking_cookies\_4oL_A1gWnA_000659_000669.mp4,baking cookies,4,1.0666666666666667,7.066666666666666,baking cookies,baking cookies,0.9999861717224121,10.383799999544863,99.7421875,199.484375,0.0,0.0,188.1753687512246,209.86817499954486,0,1
C:\Users\zx\Desktop\scenario2_pose_lab\scenario2_pose_lab\tiny-Kinetics-400\baking_cookies\_4oL_A1gWnA_000659_000669.mp4,baking cookies,5,1.3333333333333333,7.333333333333333,baking cookies,baking cookies,0.9999282360076904,10.591400001430884,101.783203125,203.56640625,0.0,0.0,188.1753687512246,214.15780625143088,0,1
C:\Users\zx\Desktop\scenario2_pose_lab\scenario2_pose_lab\tiny-Kinetics-400\baking_cookies\_4oL_A1gWnA_000659_000669.mp4,baking cookies,6,1.6,7.6,baking cookies,baking cookies,0.9999860525131226,10.308700002497062,104.748046875,209.49609375,0.0,0.0,188.1753687512246,219.80479375249706,0,1
C:\Users\zx\Desktop\scenario2_pose_lab\scenario2_pose_lab\tiny-Kinetics-400\baking_cookies\_4oL_A1gWnA_000659_000669.mp4,baking cookies,7,1.8666666666666667,7.866666666666666,baking cookies,baking cookies,0.9999910593032837,9.984199998143595,105.6669921875,211.333984375,0.0,0.0,188.1753687512246,221.3181843731436,0,1
C:\Users\zx\Desktop\scenario2_pose_lab\scenario2_pose_lab\tiny-Kinetics-400\baking_cookies\_4oL_A1gWnA_000659_000669.mp4,baking cookies,8,2.1333333333333333,8.133333333333333,baking cookies,baking cookies,0.9999560117721558,9.880199999315664,107.28125,214.5625,0.0,0.0,188.1753687512246,224.44269999931566,0,1
C:\Users\zx\Desktop\scenario2_pose_lab\scenario2_pose_lab\tiny-Kinetics-400\baking_cookies\_4oL_A1gWnA_000659_000669.mp4,baking cookies,9,2.4,8.4,baking cookies,baking cookies,0.9999964237213135,9.34189999679802,110.919921875,221.83984375,0.0,0.0,188.1753687512246,231.18174374679802,0,1
C:\Users\zx\Desktop\scenario2_pose_lab\scenario2_pose_lab\tiny-Kinetics-400\baking_cookies\_4oL_A1gWnA_000659_000669.mp4,baking cookies,10,2.6666666666666665,8.666666666666666,baking cookies,baking cookies,0.9999966621398926,10.213200002908707,110.4736328125,220.947265625,0.0,0.0,188.1753687512246,231.1604656279087,0,1
C:\Users\zx\Desktop\scenario2_pose_lab\scenario2_pose_lab\tiny-Kinetics-400\baking_cookies\_4oL_A1gWnA_000659_000669.mp4,baking cookies,11,2.933333333333333,8.933333333333334,baking cookies,baking cookies,0.9999817609786987,9.862600003543776,112.0908203125,224.181640625,0.0,0.0,188.1753687512246,234.04424062854378,0,1
C:\Users\zx\Desktop\scenario2_pose_lab\scenario2_pose_lab\tiny-Kinetics-400\baking_cookies\_4oL_A1gWnA_000659_000669.mp4,baking cookies,12,3.2,9.2,baking cookies,baking cookies,0.9999961853027344,9.145299998635892,116.025390625,232.05078125,0.0,0.0,188.1753687512246,241.1960812486359,0,1
C:\Users\zx\Desktop\scenario2_pose_lab\scenario2_pose_lab\tiny-Kinetics-400\baking_cookies\_4oL_A1gWnA_000659_000669.mp4,baking cookies,13,3.466666666666667,9.466666666666667,baking cookies,baking cookies,0.9999899864196777,10.111399999004789,115.6826171875,231.365234375,0.0,0.0,188.1753687512246,241.4766343740048,0,1
C:\Users\zx\Desktop\scenario2_pose_lab\scenario2_pose_lab\tiny-Kinetics-400\baking_cookies\_4R0Gx2feN8_000070_000080.mp4,baking cookies,0,0.0,7.2,cooking chicken,cooking chicken,0.1400732845067978,10.011900005338248,96.1640625,192.328125,0.0,0.0,202.34002500533825,202.34002500533825,0,0
C:\Users\zx\Desktop\scenario2_pose_lab\scenario2_pose_lab\tiny-Kinetics-400\baking_cookies\_4R0Gx2feN8_000070_000080.mp4,baking cookies,1,0.32,7.52,baking cookies,baking cookies,0.1349172741174698,10.538199996517505,94.23828125,188.4765625,0.0,0.0,202.34002500533825,199.0147624965175,0,1
C:\Users\zx\Desktop\scenario2_pose_lab\scenario2_pose_lab\tiny-Kinetics-400\baking_cookies\_4R0Gx2feN8_000070_000080.mp4,baking cookies,2,0.64,7.84,cooking egg,cooking egg,0.11533009260892868,10.986399996909313,93.4072265625,186.814453125,0.0,0.0,202.34002500533825,197.8008531219093,0,0
C:\Users\zx\Desktop\scenario2_pose_lab\scenario2_pose_lab\tiny-Kinetics-400\baking_cookies\_4R0Gx2feN8_000070_000080.mp4,baking cookies,3,0.96,8.16,baking cookies,baking cookies,0.09599939733743668,11.638500000117347,92.65625,185.3125,0.0,0.0,202.34002500533825,196.95100000011735,0,1
C:\Users\zx\Desktop\scenario2_pose_lab\scenario2_pose_lab\tiny-Kinetics-400\baking_cookies\_4R0Gx2feN8_000070_000080.mp4,baking cookies,4,1.28,8.48,baking cookies,baking cookies,0.0963762030005455,9.598000004189089,90.7314453125,181.462890625,0.0,0.0,202.34002500533825,191.0608906291891,0,1
C:\Users\zx\Desktop\scenario2_pose_lab\scenario2_pose_lab\tiny-Kinetics-400\baking_cookies\_4R0Gx2feN8_000070_000080.mp4,baking cookies,5,1.6,8.8,changing oil,changing oil,0.07633397728204727,9.297699994931463,90.5498046875,181.099609375,0.0,0.0,202.34002500533825,190.39730936993146,0,0
C:\Users\zx\Desktop\scenario2_pose_lab\scenario2_pose_lab\tiny-Kinetics-400\baking_cookies\_4R0Gx2feN8_000070_000080.mp4,baking cookies,6,1.92,9.12,changing oil,changing oil,0.05791047215461731,10.77340000483673,89.9677734375,179.935546875,0.0,0.0,202.34002500533825,190.70894687983673,0,0
C:\Users\zx\Desktop\scenario2_pose_lab\scenario2_pose_lab\tiny-Kinetics-400\baking_cookies\_4R0Gx2feN8_000070_000080.mp4,baking cookies,7,2.24,9.44,changing oil,changing oil,0.07173318415880203,9.896499999740627,89.4462890625,178.892578125,0.0,0.0,202.34002500533825,188.78907812474063,0,0
C:\Users\zx\Desktop\scenario2_pose_lab\scenario2_pose_lab\tiny-Kinetics-400\baking_cookies\_BOMTx_00Uk_000042_000052.mp4,baking cookies,0,0.0,7.507499999999999,baking cookies,baking cookies,0.5096129775047302,9.947300000931136,111.0361328125,222.072265625,0.0,0.0,232.01956562593114,232.01956562593114,0,1
C:\Users\zx\Desktop\scenario2_pose_lab\scenario2_pose_lab\tiny-Kinetics-400\baking_cookies\_BOMTx_00Uk_000042_000052.mp4,baking cookies,1,0.33366666666666667,7.841166666666666,baking cookies,baking cookies,0.4930959939956665,9.048799998709,106.951171875,213.90234375,0.0,0.0,232.01956562593114,222.951143748709,0,1
C:\Users\zx\Desktop\scenario2_pose_lab\scenario2_pose_lab\tiny-Kinetics-400\baking_cookies\_BOMTx_00Uk_000042_000052.mp4,baking cookies,2,0.6673333333333333,8.174833333333332,baking cookies,baking cookies,0.40222811698913574,8.901299996068701,102.3984375,204.796875,0.0,0.0,232.01956562593114,213.6981749960687,0,1
C:\Users\zx\Desktop\scenario2_pose_lab\scenario2_pose_lab\tiny-Kinetics-400\baking_cookies\_BOMTx_00Uk_000042_000052.mp4,baking cookies,3,1.001,8.5085,baking cookies,baking cookies,0.3516055941581726,9.3708999993396,101.4453125,202.890625,0.0,0.0,232.01956562593114,212.2615249993396,0,1
C:\Users\zx\Desktop\scenario2_pose_lab\scenario2_pose_lab\tiny-Kinetics-400\baking_cookies\_BOMTx_00Uk_000042_000052.mp4,baking cookies,4,1.3346666666666667,8.842166666666666,baking cookies,baking cookies,0.2924777865409851,9.819200000492856,97.9140625,195.828125,0.0,0.0,232.01956562593114,205.64732500049286,0,1
C:\Users\zx\Desktop\scenario2_pose_lab\scenario2_pose_lab\tiny-Kinetics-400\baking_cookies\_BOMTx_00Uk_000042_000052.mp4,baking cookies,5,1.6683333333333332,9.175833333333333,cooking chicken,cooking chicken,0.21809814870357513,9.289499997976236,93.5732421875,187.146484375,0.0,0.0,232.01956562593114,196.43598437297624,0,0
C:\Users\zx\Desktop\scenario2_pose_lab\scenario2_pose_lab\tiny-Kinetics-400\baking_cookies\_BOMTx_00Uk_000042_000052.mp4,baking cookies,6,2.002,9.5095,cooking chicken,cooking chicken,0.24291199445724487,9.473599995544646,91.4892578125,182.978515625,0.0,0.0,232.01956562593114,192.45211562054465,0,0
C:\Users\zx\Desktop\scenario2_pose_lab\scenario2_pose_lab\tiny-Kinetics-400\balloon_blowing\_7_FnwK-DYo_000024_000034.mp4,balloon blowing,0,0.0,6.006,balloon blowing,balloon blowing,0.9544771909713745,9.870800000499003,136.7421875,273.484375,0.0,0.0,283.355175000499,283.355175000499,0,1
C:\Users\zx\Desktop\scenario2_pose_lab\scenario2_pose_lab\tiny-Kinetics-400\balloon_blowing\_7_FnwK-DYo_000024_000034.mp4,balloon blowing,1,0.26693333333333336,6.2729333333333335,balloon blowing,balloon blowing,0.936205267906189,8.962600004451815,136.6435546875,273.287109375,0.0,0.0,283.355175000499,282.2497093794518,0,1
C:\Users\zx\Desktop\scenario2_pose_lab\scenario2_pose_lab\tiny-Kinetics-400\balloon_blowing\_7_FnwK-DYo_000024_000034.mp4,balloon blowing,2,0.5338666666666667,6.539866666666667,balloon blowing,balloon blowing,0.9189966917037964,8.74879999901168,135.7265625,271.453125,0.0,0.0,283.355175000499,280.2019249990117,0,1
C:\Users\zx\Desktop\scenario2_pose_lab\scenario2_pose_lab\tiny-Kinetics-400\balloon_blowing\_7_FnwK-DYo_000024_000034.mp4,balloon blowing,3,0.8008000000000001,6.8068,balloon blowing,balloon blowing,0.9384523630142212,10.08890000230167,133.4443359375,266.888671875,0.0,0.0,283.355175000499,276.97757187730167,0,1
C:\Users\zx\Desktop\scenario2_pose_lab\scenario2_pose_lab\tiny-Kinetics-400\balloon_blowing\_7_FnwK-DYo_000024_000034.mp4,balloon blowing,4,1.0677333333333334,7.073733333333333,,,0.0,,133.99609375,267.9921875,0.0,0.0,,,1,0
C:\Users\zx\Desktop\scenario2_pose_lab\scenario2_pose_lab\tiny-Kinetics-400\balloon_blowing\_7_FnwK-DYo_000024_000034.mp4,balloon blowing,5,1.3346666666666667,7.3406666666666665,balloon blowing,balloon blowing,0.9509680271148682,9.237900005246047,133.4130859375,266.826171875,0.0,0.0,283.355175000499,276.06407188024605,0,1
C:\Users\zx\Desktop\scenario2_pose_lab\scenario2_pose_lab\tiny-Kinetics-400\balloon_blowing\_7_FnwK-DYo_000024_000034.mp4,balloon blowing,6,1.6016000000000001,7.6076,balloon blowing,balloon blowing,0.9709419012069702,8.938099999795668,130.9765625,261.953125,0.0,0.0,283.355175000499,270.89122499979567,0,1
C:\Users\zx\Desktop\scenario2_pose_lab\scenario2_pose_lab\tiny-Kinetics-400\balloon_blowing\_7_FnwK-DYo_000024_000034.mp4,balloon blowing,7,1.8685333333333334,7.874533333333334,balloon blowing,balloon blowing,0.9832502007484436,8.318899999721907,130.8564453125,261.712890625,0.0,0.0,283.355175000499,270.0317906247219,0,1
C:\Users\zx\Desktop\scenario2_pose_lab\scenario2_pose_lab\tiny-Kinetics-400\balloon_blowing\_7_FnwK-DYo_000024_000034.mp4,balloon blowing,8,2.135466666666667,8.141466666666666,balloon blowing,balloon blowing,0.9813581109046936,10.48639999498846,130.6943359375,261.388671875,0.0,0.0,283.355175000499,271.87507186998846,0,1
C:\Users\zx\Desktop\scenario2_pose_lab\scenario2_pose_lab\tiny-Kinetics-400\balloon_blowing\_7_FnwK-DYo_000024_000034.mp4,balloon blowing,9,2.4024,8.4084,balloon blowing,balloon blowing,0.9892100691795349,9.478700005274732,129.154296875,258.30859375,0.0,0.0,283.355175000499,267.78729375527473,0,1
C:\Users\zx\Desktop\scenario2_pose_lab\scenario2_pose_lab\tiny-Kinetics-400\balloon_blowing\_7_FnwK-DYo_000024_000034.mp4,balloon blowing,10,2.6693333333333333,8.675333333333333,balloon blowing,balloon blowing,0.9920559525489807,9.149800003797282,129.0458984375,258.091796875,0.0,0.0,283.355175000499,267.2415968787973,0,1
C:\Users\zx\Desktop\scenario2_pose_lab\scenario2_pose_lab\tiny-Kinetics-400\balloon_blowing\_7_FnwK-DYo_000024_000034.mp4,balloon blowing,11,2.9362666666666666,8.942266666666667,balloon blowing,balloon blowing,0.9884129166603088,8.98379999853205,128.3671875,256.734375,0.0,0.0,283.355175000499,265.71817499853205,0,1
C:\Users\zx\Desktop\scenario2_pose_lab\scenario2_pose_lab\tiny-Kinetics-400\balloon_blowing\_7_FnwK-DYo_000024_000034.mp4,balloon blowing,12,3.2032000000000003,9.209200000000001,balloon blowing,balloon blowing,0.9958587288856506,9.756799998285715,126.37109375,252.7421875,0.0,0.0,283.355175000499,262.4989874982857,0,1
C:\Users\zx\Desktop\scenario2_pose_lab\scenario2_pose_lab\tiny-Kinetics-400\balloon_blowing\_7_FnwK-DYo_000024_000034.mp4,balloon blowing,13,3.4701333333333335,9.476133333333333,balloon blowing,balloon blowing,0.9969547986984253,10.695600001781713,124.77734375,249.5546875,0.0,0.0,283.355175000499,260.2502875017817,0,1
C:\Users\zx\Desktop\scenario2_pose_lab\scenario2_pose_lab\tiny-Kinetics-400\balloon_blowing\_cRCgYlVkh0_000030_000040.mp4,balloon blowing,0,0.0,6.0,balloon blowing,balloon blowing,0.9999222755432129,10.619900000165217,70.8583984375,141.716796875,0.0,0.0,152.33669687516522,152.33669687516522,0,1
C:\Users\zx\Desktop\scenario2_pose_lab\scenario2_pose_lab\tiny-Kinetics-400\balloon_blowing\_cRCgYlVkh0_000030_000040.mp4,balloon blowing,1,0.26666666666666666,6.266666666666667,balloon blowing,balloon blowing,0.9999010562896729,9.504400004516356,71.0107421875,142.021484375,0.0,0.0,152.33669687516522,151.52588437951636,0,1
C:\Users\zx\Desktop\scenario2_pose_lab\scenario2_pose_lab\tiny-Kinetics-400\balloon_blowing\_cRCgYlVkh0_000030_000040.mp4,balloon blowing,2,0.5333333333333333,6.533333333333333,balloon blowing,balloon blowing,0.9999353885650635,8.975999997346662,71.1630859375,142.326171875,0.0,0.0,152.33669687516522,151.30217187234666,0,1
C:\Users\zx\Desktop\scenario2_pose_lab\scenario2_pose_lab\tiny-Kinetics-400\balloon_blowing\_cRCgYlVkh0_000030_000040.mp4,balloon blowing,3,0.8,6.8,balloon blowing,balloon blowing,0.9998124241828918,9.532299998681992,71.224609375,142.44921875,0.0,0.0,152.33669687516522,151.981518748682,0,1
C:\Users\zx\Desktop\scenario2_pose_lab\scenario2_pose_lab\tiny-Kinetics-400\balloon_blowing\_cRCgYlVkh0_000030_000040.mp4,balloon blowing,4,1.0666666666666667,7.066666666666666,balloon blowing,balloon blowing,0.9998737573623657,14.489200002572034,71.91796875,143.8359375,0.0,0.0,152.33669687516522,158.32513750257203,0,1
C:\Users\zx\Desktop\scenario2_pose_lab\scenario2_pose_lab\tiny-Kinetics-400\balloon_blowing\_cRCgYlVkh0_000030_000040.mp4,balloon blowing,5,1.3333333333333333,7.333333333333333,balloon blowing,balloon blowing,0.9998778104782104,12.901100002636667,71.513671875,143.02734375,0.0,0.0,152.33669687516522,155.92844375263667,0,1
C:\Users\zx\Desktop\scenario2_pose_lab\scenario2_pose_lab\tiny-Kinetics-400\balloon_blowing\_cRCgYlVkh0_000030_000040.mp4,balloon blowing,6,1.6,7.6,balloon blowing,balloon blowing,0.9997690320014954,9.392799998749979,72.1328125,144.265625,0.0,0.0,152.33669687516522,153.65842499874998,0,1
C:\Users\zx\Desktop\scenario2_pose_lab\scenario2_pose_lab\tiny-Kinetics-400\balloon_blowing\_cRCgYlVkh0_000030_000040.mp4,balloon blowing,7,1.8666666666666667,7.866666666666666,balloon blowing,balloon blowing,0.9998564720153809,9.024099999805912,73.001953125,146.00390625,0.0,0.0,152.33669687516522,155.0280062498059,0,1
C:\Users\zx\Desktop\scenario2_pose_lab\scenario2_pose_lab\tiny-Kinetics-400\balloon_blowing\_cRCgYlVkh0_000030_000040.mp4,balloon blowing,8,2.1333333333333333,8.133333333333333,balloon blowing,balloon blowing,0.9998676776885986,9.022400001413189,73.2734375,146.546875,0.0,0.0,152.33669687516522,155.5692750014132,0,1
C:\Users\zx\Desktop\scenario2_pose_lab\scenario2_pose_lab\tiny-Kinetics-400\balloon_blowing\_cRCgYlVkh0_000030_000040.mp4,balloon blowing,9,2.4,8.4,balloon blowing,balloon blowing,0.9997912049293518,11.022500002582092,74.419921875,148.83984375,0.0,0.0,152.33669687516522,159.8623437525821,0,1
C:\Users\zx\Desktop\scenario2_pose_lab\scenario2_pose_lab\tiny-Kinetics-400\balloon_blowing\_cRCgYlVkh0_000030_000040.mp4,balloon blowing,10,2.6666666666666665,8.666666666666666,balloon blowing,balloon blowing,0.9998205304145813,9.211899996444117,74.9111328125,149.822265625,0.0,0.0,152.33669687516522,159.03416562144412,0,1
C:\Users\zx\Desktop\scenario2_pose_lab\scenario2_pose_lab\tiny-Kinetics-400\balloon_blowing\_cRCgYlVkh0_000030_000040.mp4,balloon blowing,11,2.933333333333333,8.933333333333334,balloon blowing,balloon blowing,0.9999146461486816,9.03630000539124,75.013671875,150.02734375,0.0,0.0,152.33669687516522,159.06364375539124,0,1
C:\Users\zx\Desktop\scenario2_pose_lab\scenario2_pose_lab\tiny-Kinetics-400\balloon_blowing\_cRCgYlVkh0_000030_000040.mp4,balloon blowing,12,3.2,9.2,balloon blowing,balloon blowing,0.9996932744979858,8.74900000053458,76.4228515625,152.845703125,0.0,0.0,152.33669687516522,161.59470312553458,0,1
C:\Users\zx\Desktop\scenario2_pose_lab\scenario2_pose_lab\tiny-Kinetics-400\balloon_blowing\_cRCgYlVkh0_000030_000040.mp4,balloon blowing,13,3.466666666666667,9.466666666666667,balloon blowing,balloon blowing,0.999657154083252,8.558699999412056,77.5107421875,155.021484375,0.0,0.0,152.33669687516522,163.58018437441206,0,1
C:\Users\zx\Desktop\scenario2_pose_lab\scenario2_pose_lab\tiny-Kinetics-400\balloon_blowing\_g9F6qPqYeM_000182_000192.mp4,balloon blowing,0,0.0,6.0060060060060065,balloon blowing,balloon blowing,0.9999626874923706,9.940199997799937,124.4208984375,248.841796875,0.0,0.0,258.78199687279994,258.78199687279994,0,1
C:\Users\zx\Desktop\scenario2_pose_lab\scenario2_pose_lab\tiny-Kinetics-400\balloon_blowing\_g9F6qPqYeM_000182_000192.mp4,balloon blowing,1,0.26693360026693363,6.2729396062729395,balloon blowing,balloon blowing,0.9999089241027832,9.221100001013838,124.6865234375,249.373046875,0.0,0.0,258.78199687279994,258.59414687601384,0,1
C:\Users\zx\Desktop\scenario2_pose_lab\scenario2_pose_lab\tiny-Kinetics-400\balloon_blowing\_g9F6qPqYeM_000182_000192.mp4,balloon blowing,2,0.5338672005338673,6.539873206539873,,,0.0,,124.3212890625,248.642578125,0.0,0.0,,,1,0
C:\Users\zx\Desktop\scenario2_pose_lab\scenario2_pose_lab\tiny-Kinetics-400\balloon_blowing\_g9F6qPqYeM_000182_000192.mp4,balloon blowing,3,0.8008008008008008,6.806806806806807,balloon blowing,balloon blowing,0.9999575614929199,9.762000001501292,125.5,251.0,0.0,0.0,258.78199687279994,260.7620000015013,0,1
C:\Users\zx\Desktop\scenario2_pose_lab\scenario2_pose_lab\tiny-Kinetics-400\balloon_blowing\_g9F6qPqYeM_000182_000192.mp4,balloon blowing,4,1.0677344010677345,7.073740407073741,balloon blowing,balloon blowing,0.999904990196228,8.708000001206528,125.77734375,251.55468749999997,0.0,0.0,258.78199687279994,260.2626875012065,0,1
C:\Users\zx\Desktop\scenario2_pose_lab\scenario2_pose_lab\tiny-Kinetics-400\balloon_blowing\_g9F6qPqYeM_000182_000192.mp4,balloon blowing,5,1.3346680013346681,7.340674007340675,balloon blowing,balloon blowing,0.9998550415039062,9.848900001088623,125.556640625,251.11328125,0.0,0.0,258.78199687279994,260.9621812510886,0,1
C:\Users\zx\Desktop\scenario2_pose_lab\scenario2_pose_lab\tiny-Kinetics-400\balloon_blowing\_g9F6qPqYeM_000182_000192.mp4,balloon blowing,6,1.6016016016016017,7.607607607607608,balloon blowing,balloon blowing,0.9999634027481079,8.617400002549402,126.548828125,253.09765625000003,0.0,0.0,258.78199687279994,261.7150562525494,0,1
C:\Users\zx\Desktop\scenario2_pose_lab\scenario2_pose_lab\tiny-Kinetics-400\balloon_blowing\_g9F6qPqYeM_000182_000192.mp4,balloon blowing,7,1.8685352018685353,7.874541207874541,balloon blowing,balloon blowing,0.9999139308929443,8.452499998384155,127.30859375,254.6171875,0.0,0.0,258.78199687279994,263.06968749838416,0,1
C:\Users\zx\Desktop\scenario2_pose_lab\scenario2_pose_lab\tiny-Kinetics-400\balloon_blowing\_g9F6qPqYeM_000182_000192.mp4,balloon blowing,8,2.135468802135469,8.141474808141474,balloon blowing,balloon blowing,0.9998561143875122,8.51169999805279,127.3876953125,254.775390625,0.0,0.0,258.78199687279994,263.2870906230528,0,1
C:\Users\zx\Desktop\scenario2_pose_lab\scenario2_pose_lab\tiny-Kinetics-400\balloon_blowing\_g9F6qPqYeM_000182_000192.mp4,balloon blowing,9,2.4024024024024024,8.408408408408409,balloon blowing,balloon blowing,0.9999011754989624,9.19900000008056,128.52734375,257.0546875,0.0,0.0,258.78199687279994,266.25368750008056,0,1
C:\Users\zx\Desktop\scenario2_pose_lab\scenario2_pose_lab\tiny-Kinetics-400\balloon_blowing\_g9F6qPqYeM_000182_000192.mp4,balloon blowing,10,2.6693360026693362,8.675342008675342,balloon blowing,balloon blowing,0.9998683929443359,9.198699997796211,129.2685546875,258.537109375,0.0,0.0,258.78199687279994,267.7358093727962,0,1
C:\Users\zx\Desktop\scenario2_pose_lab\scenario2_pose_lab\tiny-Kinetics-400\balloon_blowing\_g9F6qPqYeM_000182_000192.mp4,balloon blowing,11,2.9362696029362696,8.942275608942277,balloon blowing,balloon blowing,0.9997673630714417,11.190000004717149,128.9794921875,257.958984375,0.0,0.0,258.78199687279994,269.14898437971715,0,1
C:\Users\zx\Desktop\scenario2_pose_lab\scenario2_pose_lab\tiny-Kinetics-400\balloon_blowing\_g9F6qPqYeM_000182_000192.mp4,balloon blowing,12,3.2032032032032034,9.20920920920921,balloon blowing,balloon blowing,0.9998117089271545,11.303499995847233,129.8564453125,259.712890625,0.0,0.0,258.78199687279994,271.01639062084723,0,1
C:\Users\zx\Desktop\scenario2_pose_lab\scenario2_pose_lab\tiny-Kinetics-400\balloon_blowing\_g9F6qPqYeM_000182_000192.mp4,balloon blowing,13,3.4701368034701368,9.476142809476142,balloon blowing,balloon blowing,0.9996852874755859,9.841300001426134,130.4443359375,260.888671875,0.0,0.0,258.78199687279994,270.72997187642613,0,1
C:\Users\zx\Desktop\scenario2_pose_lab\scenario2_pose_lab\tiny-Kinetics-400\bandaging\_9YzPgoLKuY_000225_000235.mp4,bandaging,0,0.0,9.916666666666666,bandaging,bandaging,0.9975222945213318,11.05459999962477,111.7900390625,223.580078125,0.0,0.0,234.63467812462477,234.63467812462477,0,1
C:\Users\zx\Desktop\scenario2_pose_lab\scenario2_pose_lab\tiny-Kinetics-400\bandaging\_eduRRbJ2PM_000030_000040.mp4,bandaging,0,0.0,6.006,bandaging,bandaging,0.6382390260696411,11.124599994218443,80.9931640625,161.986328125,0.0,0.0,173.11092811921844,173.11092811921844,0,1
C:\Users\zx\Desktop\scenario2_pose_lab\scenario2_pose_lab\tiny-Kinetics-400\bandaging\_eduRRbJ2PM_000030_000040.mp4,bandaging,1,0.26693333333333336,6.2729333333333335,bandaging,bandaging,0.5570045113563538,10.321000001567882,80.2998046875,160.599609375,0.0,0.0,173.11092811921844,170.92060937656788,0,1
C:\Users\zx\Desktop\scenario2_pose_lab\scenario2_pose_lab\tiny-Kinetics-400\bandaging\_eduRRbJ2PM_000030_000040.mp4,bandaging,2,0.5338666666666667,6.539866666666667,bandaging,bandaging,0.5525378584861755,9.050000000570435,79.646484375,159.29296875,0.0,0.0,173.11092811921844,168.34296875057044,0,1
C:\Users\zx\Desktop\scenario2_pose_lab\scenario2_pose_lab\tiny-Kinetics-400\bandaging\_eduRRbJ2PM_000030_000040.mp4,bandaging,3,0.8008000000000001,6.8068,bandaging,bandaging,0.585893452167511,9.340600001451094,79.6435546875,159.287109375,0.0,0.0,173.11092811921844,168.6277093764511,0,1
C:\Users\zx\Desktop\scenario2_pose_lab\scenario2_pose_lab\tiny-Kinetics-400\bandaging\_eduRRbJ2PM_000030_000040.mp4,bandaging,4,1.0677333333333334,7.073733333333333,bandaging,bandaging,0.3652215301990509,9.207800001604483,79.5625,159.125,0.0,0.0,173.11092811921844,168.33280000160448,0,1
C:\Users\zx\Desktop\scenario2_pose_lab\scenario2_pose_lab\tiny-Kinetics-400\bandaging\_eduRRbJ2PM_000030_000040.mp4,bandaging,5,1.3346666666666667,7.3406666666666665,bandaging,bandaging,0.4868810474872589,8.834000000206288,79.642578125,159.28515625,0.0,0.0,173.11092811921844,168.1191562502063,0,1
C:\Users\zx\Desktop\scenario2_pose_lab\scenario2_pose_lab\tiny-Kinetics-400\bandaging\_eduRRbJ2PM_000030_000040.mp4,bandaging,6,1.6016000000000001,7.6076,bandaging,bandaging,0.5573832392692566,8.781700002145953,79.5556640625,159.111328125,0.0,0.0,173.11092811921844,167.89302812714595,0,1
C:\Users\zx\Desktop\scenario2_pose_lab\scenario2_pose_lab\tiny-Kinetics-400\bandaging\_eduRRbJ2PM_000030_000040.mp4,bandaging,7,1.8685333333333334,7.874533333333334,bandaging,bandaging,0.29786449670791626,9.294900002714712,79.4873046875,158.974609375,0.0,0.0,173.11092811921844,168.2695093777147,0,1
C:\Users\zx\Desktop\scenario2_pose_lab\scenario2_pose_lab\tiny-Kinetics-400\bandaging\_eduRRbJ2PM_000030_000040.mp4,bandaging,8,2.135466666666667,8.141466666666666,bandaging,bandaging,0.4486120343208313,9.179900000162888,79.5771484375,159.154296875,0.0,0.0,173.11092811921844,168.3341968751629,0,1
C:\Users\zx\Desktop\scenario2_pose_lab\scenario2_pose_lab\tiny-Kinetics-400\bandaging\_eduRRbJ2PM_000030_000040.mp4,bandaging,9,2.4024,8.4084,bandaging,bandaging,0.3790418803691864,8.726199994271155,79.2841796875,158.568359375,0.0,0.0,173.11092811921844,167.29455936927116,0,1
C:\Users\zx\Desktop\scenario2_pose_lab\scenario2_pose_lab\tiny-Kinetics-400\bandaging\_eduRRbJ2PM_000030_000040.mp4,bandaging,10,2.6693333333333333,8.675333333333333,bandaging,bandaging,0.23903565108776093,8.534300002793316,79.4599609375,158.919921875,0.0,0.0,173.11092811921844,167.45422187779332,0,1
C:\Users\zx\Desktop\scenario2_pose_lab\scenario2_pose_lab\tiny-Kinetics-400\bandaging\_eduRRbJ2PM_000030_000040.mp4,bandaging,11,2.9362666666666666,8.942266666666667,bandaging,bandaging,0.4219016134738922,12.56469999498222,79.4306640625,158.861328125,0.0,0.0,173.11092811921844,171.42602811998222,0,1
C:\Users\zx\Desktop\scenario2_pose_lab\scenario2_pose_lab\tiny-Kinetics-400\bandaging\_eduRRbJ2PM_000030_000040.mp4,bandaging,12,3.2032000000000003,9.209200000000001,bandaging,bandaging,0.39256155490875244,13.537999999243766,78.859375,157.71875,0.0,0.0,173.11092811921844,171.25674999924377,0,1
C:\Users\zx\Desktop\scenario2_pose_lab\scenario2_pose_lab\tiny-Kinetics-400\bandaging\_eduRRbJ2PM_000030_000040.mp4,bandaging,13,3.4701333333333335,9.476133333333333,bandaging,bandaging,0.30795300006866455,9.359099996800069,79.04296875,158.0859375,0.0,0.0,173.11092811921844,167.44503749680007,0,1
C:\Users\zx\Desktop\scenario2_pose_lab\scenario2_pose_lab\tiny-Kinetics-400\bandaging\_PvUCx30oXg_000069_000079.mp4,bandaging,0,0.0,6.006,brushing teeth,brushing teeth,0.42002224922180176,11.288599998806603,93.2744140625,186.548828125,0.0,0.0,197.8374281238066,197.8374281238066,0,0
C:\Users\zx\Desktop\scenario2_pose_lab\scenario2_pose_lab\tiny-Kinetics-400\bandaging\_PvUCx30oXg_000069_000079.mp4,bandaging,1,0.26693333333333336,6.2729333333333335,brushing teeth,brushing teeth,0.5078052878379822,9.272499999497086,93.248046875,186.49609375,0.0,0.0,197.8374281238066,195.7685937494971,0,0
C:\Users\zx\Desktop\scenario2_pose_lab\scenario2_pose_lab\tiny-Kinetics-400\bandaging\_PvUCx30oXg_000069_000079.mp4,bandaging,2,0.5338666666666667,6.539866666666667,bandaging,bandaging,0.4206039607524872,8.763500001805369,92.927734375,185.85546875,0.0,0.0,197.8374281238066,194.61896875180537,0,1
C:\Users\zx\Desktop\scenario2_pose_lab\scenario2_pose_lab\tiny-Kinetics-400\bandaging\_PvUCx30oXg_000069_000079.mp4,bandaging,3,0.8008000000000001,6.8068,brushing teeth,brushing teeth,0.40680408477783203,9.254800002963748,92.650390625,185.30078125,0.0,0.0,197.8374281238066,194.55558125296375,0,0
C:\Users\zx\Desktop\scenario2_pose_lab\scenario2_pose_lab\tiny-Kinetics-400\bandaging\_PvUCx30oXg_000069_000079.mp4,bandaging,4,1.0677333333333334,7.073733333333333,brushing teeth,brushing teeth,0.37528595328330994,8.642000000691041,92.619140625,185.23828125,0.0,0.0,197.8374281238066,193.88028125069104,0,0
C:\Users\zx\Desktop\scenario2_pose_lab\scenario2_pose_lab\tiny-Kinetics-400\bandaging\_PvUCx30oXg_000069_000079.mp4,bandaging,5,1.3346666666666667,7.3406666666666665,bandaging,bandaging,0.3868296444416046,9.061999997356907,92.193359375,184.38671875,0.0,0.0,197.8374281238066,193.4487187473569,0,1
C:\Users\zx\Desktop\scenario2_pose_lab\scenario2_pose_lab\tiny-Kinetics-400\bandaging\_PvUCx30oXg_000069_000079.mp4,bandaging,6,1.6016000000000001,7.6076,,,0.0,,91.9765625,183.953125,0.0,0.0,,,1,0
C:\Users\zx\Desktop\scenario2_pose_lab\scenario2_pose_lab\tiny-Kinetics-400\bandaging\_PvUCx30oXg_000069_000079.mp4,bandaging,7,1.8685333333333334,7.874533333333334,bandaging,bandaging,0.3001706600189209,8.557700006349478,91.9716796875,183.943359375,0.0,0.0,197.8374281238066,192.50105938134948,0,1
C:\Users\zx\Desktop\scenario2_pose_lab\scenario2_pose_lab\tiny-Kinetics-400\bandaging\_PvUCx30oXg_000069_000079.mp4,bandaging,8,2.135466666666667,8.141466666666666,bandaging,bandaging,0.4621441662311554,8.533499996701721,91.44140625,182.8828125,0.0,0.0,197.8374281238066,191.41631249670172,0,1
C:\Users\zx\Desktop\scenario2_pose_lab\scenario2_pose_lab\tiny-Kinetics-400\bandaging\_PvUCx30oXg_000069_000079.mp4,bandaging,9,2.4024,8.4084,bandaging,bandaging,0.4176533818244934,8.390899994992651,91.2158203125,182.431640625,0.0,0.0,197.8374281238066,190.82254061999265,0,1
C:\Users\zx\Desktop\scenario2_pose_lab\scenario2_pose_lab\tiny-Kinetics-400\bandaging\_PvUCx30oXg_000069_000079.mp4,bandaging,10,2.6693333333333333,8.675333333333333,bandaging,bandaging,0.5310008525848389,9.471700002904981,91.4541015625,182.908203125,0.0,0.0,197.8374281238066,192.37990312790498,0,1
C:\Users\zx\Desktop\scenario2_pose_lab\scenario2_pose_lab\tiny-Kinetics-400\bandaging\_PvUCx30oXg_000069_000079.mp4,bandaging,11,2.9362666666666666,8.942266666666667,bandaging,bandaging,0.6931705474853516,8.802500000456348,91.0439453125,182.087890625,0.0,0.0,197.8374281238066,190.89039062545635,0,1
C:\Users\zx\Desktop\scenario2_pose_lab\scenario2_pose_lab\tiny-Kinetics-400\bandaging\_PvUCx30oXg_000069_000079.mp4,bandaging,12,3.2032000000000003,9.209200000000001,bandaging,bandaging,0.5895434021949768,9.300899997469969,90.98046875,181.9609375,0.0,0.0,197.8374281238066,191.26183749746997,0,1
C:\Users\zx\Desktop\scenario2_pose_lab\scenario2_pose_lab\tiny-Kinetics-400\bandaging\_PvUCx30oXg_000069_000079.mp4,bandaging,13,3.4701333333333335,9.476133333333333,bandaging,bandaging,0.7198446989059448,9.257300000172108,91.4853515625,182.970703125,0.0,0.0,197.8374281238066,192.2280031251721,0,1
C:\Users\zx\Desktop\scenario2_pose_lab\scenario2_pose_lab\tiny-Kinetics-400\barbequing\_-lxAKTineA_000085_000095.mp4,barbequing,0,0.0,6.006,barbequing,barbequing,0.08779892325401306,9.36119999823859,132.7265625,265.453125,0.0,0.0,274.8143249982386,274.8143249982386,0,1
C:\Users\zx\Desktop\scenario2_pose_lab\scenario2_pose_lab\tiny-Kinetics-400\barbequing\_-lxAKTineA_000085_000095.mp4,barbequing,1,0.26693333333333336,6.2729333333333335,barbequing,barbequing,0.10637092590332031,8.907999996154103,135.79296875,271.5859375,0.0,0.0,274.8143249982386,280.4939374961541,0,1
C:\Users\zx\Desktop\scenario2_pose_lab\scenario2_pose_lab\tiny-Kinetics-400\barbequing\_-lxAKTineA_000085_000095.mp4,barbequing,2,0.5338666666666667,6.539866666666667,barbequing,barbequing,0.11896450817584991,9.534400000120513,139.3662109375,278.732421875,0.0,0.0,274.8143249982386,288.2668218751205,0,1
C:\Users\zx\Desktop\scenario2_pose_lab\scenario2_pose_lab\tiny-Kinetics-400\barbequing\_-lxAKTineA_000085_000095.mp4,barbequing,3,0.8008000000000001,6.8068,barbequing,barbequing,0.12554050981998444,8.632400000351481,139.5849609375,279.169921875,0.0,0.0,274.8143249982386,287.8023218753515,0,1
C:\Users\zx\Desktop\scenario2_pose_lab\scenario2_pose_lab\tiny-Kinetics-400\barbequing\_-lxAKTineA_000085_000095.mp4,barbequing,4,1.0677333333333334,7.073733333333333,barbequing,barbequing,0.12880373001098633,9.048599997186102,142.9150390625,285.830078125,0.0,0.0,274.8143249982386,294.8786781221861,0,1
C:\Users\zx\Desktop\scenario2_pose_lab\scenario2_pose_lab\tiny-Kinetics-400\barbequing\_-lxAKTineA_000085_000095.mp4,barbequing,5,1.3346666666666667,7.3406666666666665,barbequing,barbequing,0.12681861221790314,8.621900000434835,146.564453125,293.12890625,0.0,0.0,274.8143249982386,301.75080625043483,0,1
C:\Users\zx\Desktop\scenario2_pose_lab\scenario2_pose_lab\tiny-Kinetics-400\barbequing\_-lxAKTineA_000085_000095.mp4,barbequing,6,1.6016000000000001,7.6076,barbequing,barbequing,0.14540284872055054,8.505599995260127,146.95703125,293.9140625,0.0,0.0,274.8143249982386,302.4196624952601,0,1
C:\Users\zx\Desktop\scenario2_pose_lab\scenario2_pose_lab\tiny-Kinetics-400\barbequing\_-lxAKTineA_000085_000095.mp4,barbequing,7,1.8685333333333334,7.874533333333334,barbequing,barbequing,0.13419416546821594,8.571799997298513,150.716796875,301.43359375,0.0,0.0,274.8143249982386,310.0053937472985,0,1
C:\Users\zx\Desktop\scenario2_pose_lab\scenario2_pose_lab\tiny-Kinetics-400\barbequing\_-lxAKTineA_000085_000095.mp4,barbequing,8,2.135466666666667,8.141466666666666,barbequing,barbequing,0.14172835648059845,8.966900000814348,154.8701171875,309.740234375,0.0,0.0,274.8143249982386,318.70713437581435,0,1
C:\Users\zx\Desktop\scenario2_pose_lab\scenario2_pose_lab\tiny-Kinetics-400\barbequing\_-lxAKTineA_000085_000095.mp4,barbequing,9,2.4024,8.4084,barbequing,barbequing,0.16477550566196442,10.126999994099606,155.3310546875,310.662109375,0.0,0.0,274.8143249982386,320.7891093690996,0,1
C:\Users\zx\Desktop\scenario2_pose_lab\scenario2_pose_lab\tiny-Kinetics-400\barbequing\_-lxAKTineA_000085_000095.mp4,barbequing,10,2.6693333333333333,8.675333333333333,barbequing,barbequing,0.1589292287826538,10.14969999960158,159.32421875,318.6484375,0.0,0.0,274.8143249982386,328.7981374996016,0,1
C:\Users\zx\Desktop\scenario2_pose_lab\scenario2_pose_lab\tiny-Kinetics-400\barbequing\_-lxAKTineA_000085_000095.mp4,barbequing,11,2.9362666666666666,8.942266666666667,barbequing,barbequing,0.14861223101615906,9.072299995750654,163.5703125,327.140625,0.0,0.0,274.8143249982386,336.21292499575065,0,1
C:\Users\zx\Desktop\scenario2_pose_lab\scenario2_pose_lab\tiny-Kinetics-400\barbequing\_-lxAKTineA_000085_000095.mp4,barbequing,12,3.2032000000000003,9.209200000000001,barbequing,barbequing,0.20177054405212402,8.819800001219846,164.263671875,328.52734375,0.0,0.0,274.8143249982386,337.34714375121985,0,1
C:\Users\zx\Desktop\scenario2_pose_lab\scenario2_pose_lab\tiny-Kinetics-400\barbequing\_-lxAKTineA_000085_000095.mp4,barbequing,13,3.4701333333333335,9.476133333333333,barbequing,barbequing,0.18050451576709747,9.294600000430364,168.2783203125,336.556640625,0.0,0.0,274.8143249982386,345.85124062543036,0,1
C:\Users\zx\Desktop\scenario2_pose_lab\scenario2_pose_lab\tiny-Kinetics-400\barbequing\_-Ojp36QkrI_000005_000015.mp4,barbequing,0,0.0,7.2,barbequing,barbequing,0.8325799107551575,9.456499996304046,128.095703125,256.19140625,0.0,0.0,265.64790624630405,265.64790624630405,0,1
C:\Users\zx\Desktop\scenario2_pose_lab\scenario2_pose_lab\tiny-Kinetics-400\barbequing\_-Ojp36QkrI_000005_000015.mp4,barbequing,1,0.32,7.52,barbequing,barbequing,0.8670957684516907,8.957500001997687,121.7353515625,243.470703125,0.0,0.0,265.64790624630405,252.4282031269977,0,1
C:\Users\zx\Desktop\scenario2_pose_lab\scenario2_pose_lab\tiny-Kinetics-400\barbequing\_-Ojp36QkrI_000005_000015.mp4,barbequing,2,0.64,7.84,barbequing,barbequing,0.9214668869972229,10.422899998957291,130.1083984375,260.216796875,0.0,0.0,265.64790624630405,270.6396968739573,0,1
C:\Users\zx\Desktop\scenario2_pose_lab\scenario2_pose_lab\tiny-Kinetics-400\barbequing\_-Ojp36QkrI_000005_000015.mp4,barbequing,3,0.96,8.16,barbequing,barbequing,0.8939367532730103,9.247900001355447,136.8427734375,273.685546875,0.0,0.0,265.64790624630405,282.93344687635545,0,1
C:\Users\zx\Desktop\scenario2_pose_lab\scenario2_pose_lab\tiny-Kinetics-400\barbequing\_-Ojp36QkrI_000005_000015.mp4,barbequing,4,1.28,8.48,barbequing,barbequing,0.8903605937957764,9.142599999904633,130.2587890625,260.517578125,0.0,0.0,265.64790624630405,269.66017812490463,0,1
C:\Users\zx\Desktop\scenario2_pose_lab\scenario2_pose_lab\tiny-Kinetics-400\barbequing\_-Ojp36QkrI_000005_000015.mp4,barbequing,5,1.6,8.8,barbequing,barbequing,0.9393605589866638,8.84790000418434,134.357421875,268.71484375,0.0,0.0,265.64790624630405,277.56274375418434,0,1
C:\Users\zx\Desktop\scenario2_pose_lab\scenario2_pose_lab\tiny-Kinetics-400\barbequing\_-Ojp36QkrI_000005_000015.mp4,barbequing,6,1.92,9.12,barbequing,barbequing,0.9361714124679565,9.464199996727984,141.4541015625,282.908203125,0.0,0.0,265.64790624630405,292.372403121728,0,1
C:\Users\zx\Desktop\scenario2_pose_lab\scenario2_pose_lab\tiny-Kinetics-400\barbequing\_-Ojp36QkrI_000005_000015.mp4,barbequing,7,2.24,9.44,barbequing,barbequing,0.9290782809257507,10.884800001804251,132.078125,264.15625,0.0,0.0,265.64790624630405,275.04105000180425,0,1
C:\Users\zx\Desktop\scenario2_pose_lab\scenario2_pose_lab\tiny-Kinetics-400\barbequing\_5z1qc3S5ck_000020_000030.mp4,barbequing,0,0.0,6.006,barbequing,barbequing,0.9993085861206055,9.488600000622682,120.8291015625,241.658203125,0.0,0.0,251.14680312562268,251.14680312562268,0,1
C:\Users\zx\Desktop\scenario2_pose_lab\scenario2_pose_lab\tiny-Kinetics-400\barbequing\_5z1qc3S5ck_000020_000030.mp4,barbequing,1,0.26693333333333336,6.2729333333333335,barbequing,barbequing,0.9994497895240784,8.847600001899991,123.677734375,247.35546875,0.0,0.0,251.14680312562268,256.2030687519,0,1
C:\Users\zx\Desktop\scenario2_pose_lab\scenario2_pose_lab\tiny-Kinetics-400\barbequing\_5z1qc3S5ck_000020_000030.mp4,barbequing,2,0.5338666666666667,6.539866666666667,barbequing,barbequing,0.9992514252662659,9.601199999451637,124.154296875,248.30859375,0.0,0.0,251.14680312562268,257.90979374945164,0,1
C:\Users\zx\Desktop\scenario2_pose_lab\scenario2_pose_lab\tiny-Kinetics-400\barbequing\_5z1qc3S5ck_000020_000030.mp4,barbequing,3,0.8008000000000001,6.8068,barbequing,barbequing,0.9990501999855042,10.511699998460244,123.47265625,246.9453125,0.0,0.0,251.14680312562268,257.45701249846024,0,1
C:\Users\zx\Desktop\scenario2_pose_lab\scenario2_pose_lab\tiny-Kinetics-400\barbequing\_5z1qc3S5ck_000020_000030.mp4,barbequing,4,1.0677333333333334,7.073733333333333,barbequing,barbequing,0.999202311038971,10.499900003196672,125.5390625,251.07812499999997,0.0,0.0,251.14680312562268,261.5780250031967,0,1
C:\Users\zx\Desktop\scenario2_pose_lab\scenario2_pose_lab\tiny-Kinetics-400\barbequing\_5z1qc3S5ck_000020_000030.mp4,barbequing,5,1.3346666666666667,7.3406666666666665,barbequing,barbequing,0.9988443851470947,12.594300002092496,126.4462890625,252.892578125,0.0,0.0,251.14680312562268,265.4868781270925,0,1
C:\Users\zx\Desktop\scenario2_pose_lab\scenario2_pose_lab\tiny-Kinetics-400\barbequing\_5z1qc3S5ck_000020_000030.mp4,barbequing,6,1.6016000000000001,7.6076,barbequing,barbequing,0.9983921647071838,10.540300005231984,126.7763671875,253.55273437499997,0.0,0.0,251.14680312562268,264.093034380232,0,1
C:\Users\zx\Desktop\scenario2_pose_lab\scenario2_pose_lab\tiny-Kinetics-400\barbequing\_5z1qc3S5ck_000020_000030.mp4,barbequing,7,1.8685333333333334,7.874533333333334,barbequing,barbequing,0.9983609318733215,9.949900006176904,128.7412109375,257.482421875,0.0,0.0,251.14680312562268,267.4323218811769,0,1
C:\Users\zx\Desktop\scenario2_pose_lab\scenario2_pose_lab\tiny-Kinetics-400\barbequing\_5z1qc3S5ck_000020_000030.mp4,barbequing,8,2.135466666666667,8.141466666666666,barbequing,barbequing,0.9980130195617676,10.133999996469356,129.1708984375,258.341796875,0.0,0.0,251.14680312562268,268.47579687146936,0,1
C:\Users\zx\Desktop\scenario2_pose_lab\scenario2_pose_lab\tiny-Kinetics-400\barbequing\_5z1qc3S5ck_000020_000030.mp4,barbequing,9,2.4024,8.4084,barbequing,barbequing,0.9973662495613098,9.662099997512996,129.0849609375,258.169921875,0.0,0.0,251.14680312562268,267.832021872513,0,1
C:\Users\zx\Desktop\scenario2_pose_lab\scenario2_pose_lab\tiny-Kinetics-400\barbequing\_5z1qc3S5ck_000020_000030.mp4,barbequing,10,2.6693333333333333,8.675333333333333,barbequing,barbequing,0.9971960783004761,9.230899995600339,129.701171875,259.40234375,0.0,0.0,251.14680312562268,268.63324374560034,0,1
C:\Users\zx\Desktop\scenario2_pose_lab\scenario2_pose_lab\tiny-Kinetics-400\barbequing\_5z1qc3S5ck_000020_000030.mp4,barbequing,11,2.9362666666666666,8.942266666666667,barbequing,barbequing,0.9968023300170898,9.747500000230502,130.208984375,260.41796875,0.0,0.0,251.14680312562268,270.1654687502305,0,1
C:\Users\zx\Desktop\scenario2_pose_lab\scenario2_pose_lab\tiny-Kinetics-400\barbequing\_5z1qc3S5ck_000020_000030.mp4,barbequing,12,3.2032000000000003,9.209200000000001,barbequing,barbequing,0.9965375661849976,8.743400001549162,129.6650390625,259.330078125,0.0,0.0,251.14680312562268,268.07347812654916,0,1
C:\Users\zx\Desktop\scenario2_pose_lab\scenario2_pose_lab\tiny-Kinetics-400\barbequing\_5z1qc3S5ck_000020_000030.mp4,barbequing,13,3.4701333333333335,9.476133333333333,barbequing,barbequing,0.995363712310791,10.3021999966586,130.0,260.0,0.0,0.0,251.14680312562268,270.3021999966586,0,1
C:\Users\zx\Desktop\scenario2_pose_lab\scenario2_pose_lab\tiny-Kinetics-400\bartending\_3bG2-Dn0lY_000477_000487.mp4,bartending,0,0.0,6.006,bartending,bartending,0.9988331198692322,9.819599996262696,80.4990234375,160.998046875,0.0,0.0,170.8176468712627,170.8176468712627,0,1
C:\Users\zx\Desktop\scenario2_pose_lab\scenario2_pose_lab\tiny-Kinetics-400\bartending\_3bG2-Dn0lY_000477_000487.mp4,bartending,1,0.26693333333333336,6.2729333333333335,bartending,bartending,0.9988341927528381,9.480800006713253,81.0166015625,162.033203125,0.0,0.0,170.8176468712627,171.51400313171325,0,1
C:\Users\zx\Desktop\scenario2_pose_lab\scenario2_pose_lab\tiny-Kinetics-400\bartending\_3bG2-Dn0lY_000477_000487.mp4,bartending,2,0.5338666666666667,6.539866666666667,bartending,bartending,0.9987075328826904,8.996700002171565,80.853515625,161.70703125,0.0,0.0,170.8176468712627,170.70373125217156,0,1
C:\Users\zx\Desktop\scenario2_pose_lab\scenario2_pose_lab\tiny-Kinetics-400\bartending\_3bG2-Dn0lY_000477_000487.mp4,bartending,3,0.8008000000000001,6.8068,bartending,bartending,0.9994300007820129,8.869000004779082,79.2509765625,158.501953125,0.0,0.0,170.8176468712627,167.37095312977908,0,1
C:\Users\zx\Desktop\scenario2_pose_lab\scenario2_pose_lab\tiny-Kinetics-400\bartending\_3bG2-Dn0lY_000477_000487.mp4,bartending,4,1.0677333333333334,7.073733333333333,bartending,bartending,0.9988697171211243,8.92819999717176,78.642578125,157.28515625,0.0,0.0,170.8176468712627,166.21335624717176,0,1
C:\Users\zx\Desktop\scenario2_pose_lab\scenario2_pose_lab\tiny-Kinetics-400\bartending\_3bG2-Dn0lY_000477_000487.mp4,bartending,5,1.3346666666666667,7.3406666666666665,bartending,bartending,0.9983904361724854,9.559999998600688,78.517578125,157.03515625,0.0,0.0,170.8176468712627,166.5951562486007,0,1
C:\Users\zx\Desktop\scenario2_pose_lab\scenario2_pose_lab\tiny-Kinetics-400\bartending\_3bG2-Dn0lY_000477_000487.mp4,bartending,6,1.6016000000000001,7.6076,bartending,bartending,0.9994401335716248,9.809600000153296,77.060546875,154.12109375,0.0,0.0,170.8176468712627,163.9306937501533,0,1
C:\Users\zx\Desktop\scenario2_pose_lab\scenario2_pose_lab\tiny-Kinetics-400\bartending\_3bG2-Dn0lY_000477_000487.mp4,bartending,7,1.8685333333333334,7.874533333333334,bartending,bartending,0.998816728591919,9.603899998182897,76.8564453125,153.712890625,0.0,0.0,170.8176468712627,163.3167906231829,0,1
C:\Users\zx\Desktop\scenario2_pose_lab\scenario2_pose_lab\tiny-Kinetics-400\bartending\_3bG2-Dn0lY_000477_000487.mp4,bartending,8,2.135466666666667,8.141466666666666,bartending,bartending,0.9969071745872498,11.546000001544598,76.9599609375,153.919921875,0.0,0.0,170.8176468712627,165.4659218765446,0,1
C:\Users\zx\Desktop\scenario2_pose_lab\scenario2_pose_lab\tiny-Kinetics-400\bartending\_3bG2-Dn0lY_000477_000487.mp4,bartending,9,2.4024,8.4084,bartending,bartending,0.9993042945861816,10.661300002539065,75.9755859375,151.951171875,0.0,0.0,170.8176468712627,162.61247187753906,0,1
C:\Users\zx\Desktop\scenario2_pose_lab\scenario2_pose_lab\tiny-Kinetics-400\bartending\_3bG2-Dn0lY_000477_000487.mp4,bartending,10,2.6693333333333333,8.675333333333333,,,0.0,,76.1513671875,152.302734375,0.0,0.0,,,1,0
C:\Users\zx\Desktop\scenario2_pose_lab\scenario2_pose_lab\tiny-Kinetics-400\bartending\_3bG2-Dn0lY_000477_000487.mp4,bartending,11,2.9362666666666666,8.942266666666667,bartending,bartending,0.9950514435768127,9.765099996002391,76.5849609375,153.169921875,0.0,0.0,170.8176468712627,162.9350218710024,0,1
C:\Users\zx\Desktop\scenario2_pose_lab\scenario2_pose_lab\tiny-Kinetics-400\bartending\_3bG2-Dn0lY_000477_000487.mp4,bartending,12,3.2032000000000003,9.209200000000001,bartending,bartending,0.9985462427139282,9.12820000667125,75.783203125,151.56640625,0.0,0.0,170.8176468712627,160.69460625667125,0,1
C:\Users\zx\Desktop\scenario2_pose_lab\scenario2_pose_lab\tiny-Kinetics-400\bartending\_3bG2-Dn0lY_000477_000487.mp4,bartending,13,3.4701333333333335,9.476133333333333,bartending,bartending,0.9922887682914734,11.30659999762429,76.75,153.5,0.0,0.0,170.8176468712627,164.8065999976243,0,1
C:\Users\zx\Desktop\scenario2_pose_lab\scenario2_pose_lab\tiny-Kinetics-400\bartending\_6EheA5xKXo_000110_000120.mp4,bartending,0,0.0,6.006,bartending,bartending,0.4228564202785492,11.825499997939914,85.0126953125,170.025390625,0.0,0.0,181.85089062293991,181.85089062293991,0,1
C:\Users\zx\Desktop\scenario2_pose_lab\scenario2_pose_lab\tiny-Kinetics-400\bartending\_6EheA5xKXo_000110_000120.mp4,bartending,1,0.26693333333333336,6.2729333333333335,bartending,bartending,0.35701149702072144,9.693699998024385,85.1474609375,170.294921875,0.0,0.0,181.85089062293991,179.98862187302439,0,1
C:\Users\zx\Desktop\scenario2_pose_lab\scenario2_pose_lab\tiny-Kinetics-400\bartending\_6EheA5xKXo_000110_000120.mp4,bartending,2,0.5338666666666667,6.539866666666667,bartending,bartending,0.3520575165748596,10.588099998130929,85.1796875,170.359375,0.0,0.0,181.85089062293991,180.94747499813093,0,1
C:\Users\zx\Desktop\scenario2_pose_lab\scenario2_pose_lab\tiny-Kinetics-400\bartending\_6EheA5xKXo_000110_000120.mp4,bartending,3,0.8008000000000001,6.8068,bartending,bartending,0.46278777718544006,13.537000006181188,85.9501953125,171.900390625,0.0,0.0,181.85089062293991,185.4373906311812,0,1
C:\Users\zx\Desktop\scenario2_pose_lab\scenario2_pose_lab\tiny-Kinetics-400\bartending\_6EheA5xKXo_000110_000120.mp4,bartending,4,1.0677333333333334,7.073733333333333,bartending,bartending,0.49612680077552795,9.867700005997904,85.4052734375,170.810546875,0.0,0.0,181.85089062293991,180.6782468809979,0,1
C:\Users\zx\Desktop\scenario2_pose_lab\scenario2_pose_lab\tiny-Kinetics-400\bartending\_6EheA5xKXo_000110_000120.mp4,bartending,5,1.3346666666666667,7.3406666666666665,bartending,bartending,0.4826371371746063,9.710400001495145,85.8154296875,171.630859375,0.0,0.0,181.85089062293991,181.34125937649515,0,1
C:\Users\zx\Desktop\scenario2_pose_lab\scenario2_pose_lab\tiny-Kinetics-400\bartending\_6EheA5xKXo_000110_000120.mp4,bartending,6,1.6016000000000001,7.6076,bartending,bartending,0.5041800141334534,8.933400000387337,85.744140625,171.48828125,0.0,0.0,181.85089062293991,180.42168125038734,0,1
C:\Users\zx\Desktop\scenario2_pose_lab\scenario2_pose_lab\tiny-Kinetics-400\bartending\_6EheA5xKXo_000110_000120.mp4,bartending,7,1.8685333333333334,7.874533333333334,bartending,bartending,0.5772468447685242,9.573199997248594,85.4482421875,170.896484375,0.0,0.0,181.85089062293991,180.4696843722486,0,1
C:\Users\zx\Desktop\scenario2_pose_lab\scenario2_pose_lab\tiny-Kinetics-400\bartending\_6EheA5xKXo_000110_000120.mp4,bartending,8,2.135466666666667,8.141466666666666,bartending,bartending,0.6973024010658264,8.883000002242625,85.7509765625,171.501953125,0.0,0.0,181.85089062293991,180.38495312724262,0,1
C:\Users\zx\Desktop\scenario2_pose_lab\scenario2_pose_lab\tiny-Kinetics-400\bartending\_6EheA5xKXo_000110_000120.mp4,bartending,9,2.4024,8.4084,bartending,bartending,0.5464708805084229,10.656700003892183,85.6142578125,171.228515625,0.0,0.0,181.85089062293991,181.88521562889218,0,1
C:\Users\zx\Desktop\scenario2_pose_lab\scenario2_pose_lab\tiny-Kinetics-400\bartending\_6EheA5xKXo_000110_000120.mp4,bartending,10,2.6693333333333333,8.675333333333333,bartending,bartending,0.6383824348449707,10.092399999848567,85.0458984375,170.091796875,0.0,0.0,181.85089062293991,180.18419687484857,0,1
C:\Users\zx\Desktop\scenario2_pose_lab\scenario2_pose_lab\tiny-Kinetics-400\bartending\_6EheA5xKXo_000110_000120.mp4,bartending,11,2.9362666666666666,8.942266666666667,bartending,bartending,0.825928270816803,10.151599999517202,85.4873046875,170.974609375,0.0,0.0,181.85089062293991,181.1262093745172,0,1
C:\Users\zx\Desktop\scenario2_pose_lab\scenario2_pose_lab\tiny-Kinetics-400\bartending\_6EheA5xKXo_000110_000120.mp4,bartending,12,3.2032000000000003,9.209200000000001,bartending,bartending,0.6795758605003357,13.983999997435603,85.2861328125,170.572265625,0.0,0.0,181.85089062293991,184.5562656224356,0,1
C:\Users\zx\Desktop\scenario2_pose_lab\scenario2_pose_lab\tiny-Kinetics-400\bartending\_6EheA5xKXo_000110_000120.mp4,bartending,13,3.4701333333333335,9.476133333333333,bartending,bartending,0.7047582864761353,9.881899997708388,85.046875,170.09375,0.0,0.0,181.85089062293991,179.9756499977084,0,1
C:\Users\zx\Desktop\scenario2_pose_lab\scenario2_pose_lab\tiny-Kinetics-400\bartending\_7ER3fPMkrc_000047_000057.mp4,bartending,0,0.0,6.0,opening bottle,opening bottle,0.9237259030342102,9.35639999806881,104.0546875,208.109375,0.0,0.0,217.4657749980688,217.4657749980688,0,0
C:\Users\zx\Desktop\scenario2_pose_lab\scenario2_pose_lab\tiny-Kinetics-400\bartending\_7ER3fPMkrc_000047_000057.mp4,bartending,1,0.26666666666666666,6.266666666666667,opening bottle,opening bottle,0.9271304607391357,11.694900000293273,104.4033203125,208.806640625,0.0,0.0,217.4657749980688,220.50154062529327,0,0
C:\Users\zx\Desktop\scenario2_pose_lab\scenario2_pose_lab\tiny-Kinetics-400\bartending\_7ER3fPMkrc_000047_000057.mp4,bartending,2,0.5333333333333333,6.533333333333333,opening bottle,opening bottle,0.9072489738464355,11.915499999304302,106.6396484375,213.279296875,0.0,0.0,217.4657749980688,225.1947968743043,0,0
C:\Users\zx\Desktop\scenario2_pose_lab\scenario2_pose_lab\tiny-Kinetics-400\bartending\_7ER3fPMkrc_000047_000057.mp4,bartending,3,0.8,6.8,opening bottle,opening bottle,0.9024015069007874,10.072099998069461,105.2568359375,210.513671875,0.0,0.0,217.4657749980688,220.58577187306946,0,0
C:\Users\zx\Desktop\scenario2_pose_lab\scenario2_pose_lab\tiny-Kinetics-400\bartending\_7ER3fPMkrc_000047_000057.mp4,bartending,4,1.0666666666666667,7.066666666666666,opening bottle,opening bottle,0.9111883640289307,11.595800002396572,105.3017578125,210.603515625,0.0,0.0,217.4657749980688,222.19931562739657,0,0
C:\Users\zx\Desktop\scenario2_pose_lab\scenario2_pose_lab\tiny-Kinetics-400\bartending\_7ER3fPMkrc_000047_000057.mp4,bartending,5,1.3333333333333333,7.333333333333333,opening bottle,opening bottle,0.8291968703269958,9.309299995948095,107.1064453125,214.212890625,0.0,0.0,217.4657749980688,223.5221906209481,0,0
C:\Users\zx\Desktop\scenario2_pose_lab\scenario2_pose_lab\tiny-Kinetics-400\bartending\_7ER3fPMkrc_000047_000057.mp4,bartending,6,1.6,7.6,opening bottle,opening bottle,0.8500144481658936,8.536699999240227,104.4853515625,208.970703125,0.0,0.0,217.4657749980688,217.50740312424023,0,0
C:\Users\zx\Desktop\scenario2_pose_lab\scenario2_pose_lab\tiny-Kinetics-400\bartending\_7ER3fPMkrc_000047_000057.mp4,bartending,7,1.8666666666666667,7.866666666666666,opening bottle,opening bottle,0.8058347702026367,15.431700005137827,103.7998046875,207.599609375,0.0,0.0,217.4657749980688,223.03130938013783,0,0
C:\Users\zx\Desktop\scenario2_pose_lab\scenario2_pose_lab\tiny-Kinetics-400\bartending\_7ER3fPMkrc_000047_000057.mp4,bartending,8,2.1333333333333333,8.133333333333333,opening bottle,opening bottle,0.6484481692314148,10.499200005142484,105.25,210.5,0.0,0.0,217.4657749980688,220.99920000514248,0,0
C:\Users\zx\Desktop\scenario2_pose_lab\scenario2_pose_lab\tiny-Kinetics-400\bartending\_7ER3fPMkrc_000047_000057.mp4,bartending,9,2.4,8.4,opening bottle,opening bottle,0.7342869639396667,8.602499998232815,102.4990234375,204.998046875,0.0,0.0,217.4657749980688,213.60054687323282,0,0
C:\Users\zx\Desktop\scenario2_pose_lab\scenario2_pose_lab\tiny-Kinetics-400\bartending\_7ER3fPMkrc_000047_000057.mp4,bartending,10,2.6666666666666665,8.666666666666666,opening bottle,opening bottle,0.7071496844291687,8.653400000184774,101.7119140625,203.423828125,0.0,0.0,217.4657749980688,212.07722812518477,0,0
C:\Users\zx\Desktop\scenario2_pose_lab\scenario2_pose_lab\tiny-Kinetics-400\bartending\_7ER3fPMkrc_000047_000057.mp4,bartending,11,2.933333333333333,8.933333333333334,opening bottle,opening bottle,0.5681723356246948,9.066799997526687,103.056640625,206.11328125,0.0,0.0,217.4657749980688,215.1800812475267,0,0
C:\Users\zx\Desktop\scenario2_pose_lab\scenario2_pose_lab\tiny-Kinetics-400\bartending\_7ER3fPMkrc_000047_000057.mp4,bartending,12,3.2,9.2,opening bottle,opening bottle,0.6766393780708313,8.537200003047474,100.568359375,201.13671875,0.0,0.0,217.4657749980688,209.67391875304747,0,0
C:\Users\zx\Desktop\scenario2_pose_lab\scenario2_pose_lab\tiny-Kinetics-400\bartending\_7ER3fPMkrc_000047_000057.mp4,bartending,13,3.466666666666667,9.466666666666667,opening bottle,opening bottle,0.7612022161483765,8.593200000177603,98.0302734375,196.060546875,0.0,0.0,217.4657749980688,204.6537468751776,0,0
C:\Users\zx\Desktop\scenario2_pose_lab\scenario2_pose_lab\tiny-Kinetics-400\beatboxing\_UDH34qhGMg_000096_000106.mp4,beatboxing,0,0.0,5.066666666666666,beatboxing,beatboxing,0.4956793785095215,9.335099995951168,119.5458984375,239.091796875,0.0,0.0,248.42689687095117,248.42689687095117,0,1
C:\Users\zx\Desktop\scenario2_pose_lab\scenario2_pose_lab\tiny-Kinetics-400\beatboxing\_UKOkmlpiVs_000058_000068.mp4,beatboxing,0,0.0,7.2,crying,crying,0.19669054448604584,9.799899999052286,77.92578125,155.8515625,0.0,0.0,165.6514624990523,165.6514624990523,0,0
C:\Users\zx\Desktop\scenario2_pose_lab\scenario2_pose_lab\tiny-Kinetics-400\beatboxing\_UKOkmlpiVs_000058_000068.mp4,beatboxing,1,0.32,7.52,crying,crying,0.18001104891300201,9.06340000074124,76.80078125,153.6015625,0.0,0.0,165.6514624990523,162.66496250074124,0,0
C:\Users\zx\Desktop\scenario2_pose_lab\scenario2_pose_lab\tiny-Kinetics-400\beatboxing\_UKOkmlpiVs_000058_000068.mp4,beatboxing,2,0.64,7.84,beatboxing,beatboxing,0.1566959172487259,9.163199996692128,75.1162109375,150.232421875,0.0,0.0,165.6514624990523,159.39562187169213,0,1
C:\Users\zx\Desktop\scenario2_pose_lab\scenario2_pose_lab\tiny-Kinetics-400\beatboxing\_UKOkmlpiVs_000058_000068.mp4,beatboxing,3,0.96,8.16,crying,crying,0.17845198512077332,9.101999996346422,75.076171875,150.15234375,0.0,0.0,165.6514624990523,159.25434374634642,0,0
C:\Users\zx\Desktop\scenario2_pose_lab\scenario2_pose_lab\tiny-Kinetics-400\beatboxing\_UKOkmlpiVs_000058_000068.mp4,beatboxing,4,1.28,8.48,crying,crying,0.2472904920578003,9.276900003897026,74.44140625,148.8828125,0.0,0.0,165.6514624990523,158.15971250389703,0,0
C:\Users\zx\Desktop\scenario2_pose_lab\scenario2_pose_lab\tiny-Kinetics-400\beatboxing\_UKOkmlpiVs_000058_000068.mp4,beatboxing,5,1.6,8.8,beatboxing,beatboxing,0.13415615260601044,9.046999999554828,71.951171875,143.90234375,0.0,0.0,165.6514624990523,152.94934374955483,0,1
C:\Users\zx\Desktop\scenario2_pose_lab\scenario2_pose_lab\tiny-Kinetics-400\beatboxing\_UKOkmlpiVs_000058_000068.mp4,beatboxing,6,1.92,9.12,crying,crying,0.1585051566362381,9.127600002102554,71.9775390625,143.955078125,0.0,0.0,165.6514624990523,153.08267812710255,0,0
C:\Users\zx\Desktop\scenario2_pose_lab\scenario2_pose_lab\tiny-Kinetics-400\beatboxing\_UKOkmlpiVs_000058_000068.mp4,beatboxing,7,2.24,9.44,crying,crying,0.2537323236465454,8.817699999781325,70.548828125,141.09765625,0.0,0.0,165.6514624990523,149.91535624978133,0,0
